0 0.4514047862198344 0.6551313477325319 0.058365758754863814 0.058365758754863814
1 0.5767531821761804 0.27186710188631197 0.058365758754863814 0.058365758754863814
1 0.7391624035277805 0.3809316733527453 0.058365758754863814 0.058365758754863814
1 0.6831426152167417 0.46441618983509864 0.058365758754863814 0.058365758754863814
1 0.5999412961464428 0.41442379375460897 0.058365758754863814 0.058365758754863814
1 0.5284825115482273 0.35238944212018947 0.058365758754863814 0.058365758754863814
1 0.4675379157885332 0.44455035004895394 0.058365758754863814 0.058365758754863814
1 0.5476586295149322 0.48843933936623274 0.058365758754863814 0.058365758754863814
1 0.6297086404960731 0.5435971898138149 0.058365758754863814 0.058365758754863814
1 0.5791436767778284 0.6245020655194452 0.058365758754863814 0.058365758754863814
1 0.4991007389356549 0.5725025962999887 0.058365758754863814 0.058365758754863814
1 0.41360297650068734 0.5230827678572543 0.058365758754863814 0.058365758754863814
1 0.35276059879690264 0.5950530359196378 0.058365758754863814 0.058365758754863814
1 0.5196761370129624 0.7137246040066461 0.058365758754863814 0.058365758754863814
1 0.6588362682735535 0.3229048119027393 0.058365758754863814 0.058365758754863814