0 0.5009059235747509 0.42962574347549964 0.058365758754863814 0.058365758754863814
1 0.521169082246966 0.3439084040923221 0.058365758754863814 0.058365758754863814
1 0.6103498252479612 0.3708062966438607 0.058365758754863814 0.058365758754863814
1 0.7125410491092516 0.39210721974968926 0.058365758754863814 0.058365758754863814
1 0.6809991113856505 0.486738895518239 0.058365758754863814 0.058365758754863814
1 0.5901158739113773 0.45819692316468497 0.058365758754863814 0.058365758754863814
1 0.47747172914486563 0.5318793711806622 0.058365758754863814 0.058365758754863814
1 0.5597408730572777 0.5606926230651229 0.058365758754863814 0.058365758754863814
1 0.6576230371231918 0.5859009466738512 0.058365758754863814 0.058365758754863814
1 0.44680170326460533 0.6327669268006292 0.058365758754863814 0.058365758754863814
1 0.5351766796530397 0.651953464810543 0.058365758754863814 0.058365758754863814
1 0.632456846380562 0.6783990566145085 0.058365758754863814 0.058365758754863814
1 0.611258712689467 0.7756783808251378 0.058365758754863814 0.058365758754863814
1 0.5084000072337902 0.7540395284089315 0.058365758754863814 0.058365758754863814
1 0.41821329112962263 0.7203234969509886 0.058365758754863814 0.058365758754863814