0 0.48309508828880626 0.28810715951379984 0.058365758754863814 0.058365758754863814
1 0.6953492619353773 0.6286534827108657 0.058365758754863814 0.058365758754863814
1 0.6114720072266652 0.6549933041841203 0.058365758754863814 0.058365758754863814
1 0.5086002693496553 0.6924591979700077 0.058365758754863814 0.058365758754863814
1 0.483513459601969 0.5959154261832842 0.058365758754863814 0.058365758754863814
1 0.6666537150965143 0.5397572610945259 0.058365758754863814 0.058365758754863814
1 0.6296206197533922 0.44720848075939756 0.058365758754863814 0.058365758754863814
1 0.5449310884019879 0.4678506415890708 0.058365758754863814 0.058365758754863814
1 0.44911076122849597 0.5000196098932288 0.058365758754863814 0.058365758754863814
1 0.6003953668394072 0.34589296388966306 0.058365758754863814 0.058365758754863814
1 0.5152504032324493 0.37062428801821906 0.058365758754863814 0.058365758754863814
1 0.41983882337284684 0.4087376776543494 0.058365758754863814 0.058365758754863814
1 0.38463495692994915 0.3156070404916358 0.058365758754863814 0.058365758754863814
1 0.5776183338484527 0.5712025222658574 0.058365758754863814 0.058365758754863814
1 0.5766849008053938 0.2568914802764988 0.058365758754863814 0.058365758754863814