0 0.615506696910788 0.5699499055265915 0.058365758754863814 0.058365758754863814
1 0.47152931554144145 0.4096379991134732 0.058365758754863814 0.058365758754863814
1 0.570178120303953 0.3833173144176745 0.058365758754863814 0.058365758754863814
1 0.6578649767954321 0.36145452561305746 0.058365758754863814 0.058365758754863814
1 0.5104357791840404 0.5034240415254582 0.058365758754863814 0.058365758754863814
1 0.5970977346225539 0.47623155205921824 0.058365758754863814 0.058365758754863814
1 0.6866279547624664 0.4491457469429257 0.058365758754863814 0.058365758754863814
1 0.7113248087824968 0.5481994181647818 0.058365758754863814 0.058365758754863814
1 0.5321407746110248 0.5985157179052044 0.058365758754863814 0.058365758754863814
1 0.5525287964407284 0.693002999292596 0.058365758754863814 0.058365758754863814
1 0.6410297506892862 0.6674876826770978 0.058365758754863814 0.058365758754863814
1 0.7291258384784993 0.6403485353858316 0.058365758754863814 0.058365758754863814
1 0.7570659890116765 0.7454926628514156 0.058365758754863814 0.058365758754863814
1 0.6632930411148589 0.7636985590067623 0.058365758754863814 0.058365758754863814
1 0.578853845974916 0.78475161489269 0.058365758754863814 0.058365758754863814