0 0.5301560535744303 0.6486063807581367 0.058365758754863814 0.058365758754863814
1 0.44145832618566655 0.2084648278667235 0.058365758754863814 0.058365758754863814
1 0.6374379388870878 0.2612978167774573 0.058365758754863814 0.058365758754863814
1 0.6116500883947668 0.35847223697995484 0.058365758754863814 0.058365758754863814
1 0.5161126393099271 0.33303233543995625 0.058365758754863814 0.058365758754863814
1 0.4197022798450262 0.3055302653865029 0.058365758754863814 0.058365758754863814
1 0.3962726914781831 0.4042692449324852 0.058365758754863814 0.058365758754863814
1 0.4913686356745733 0.4252958422894804 0.058365758754863814 0.058365758754863814
1 0.5869060847594129 0.4507357438294789 0.058365758754863814 0.058365758754863814
1 0.5586062680198831 0.546520317159748 0.058365758754863814 0.058365758754863814
1 0.4728245675575282 0.5205881160659521 0.058365758754863814 0.058365758754863814
1 0.37589532266339865 0.5016960989965845 0.058365758754863814 0.058365758754863814
1 0.34554450777042683 0.5961897012244568 0.058365758754863814 0.058365758754863814
1 0.5425963877068932 0.23258397300214315 0.058365758754863814 0.058365758754863814
1 0.4431318682118696 0.618482624286481 0.058365758754863814 0.058365758754863814