0 0.5855048812356528 0.6694135337501553 0.058365758754863814 0.058365758754863814
1 0.5870564824653355 0.2569975466266133 0.058365758754863814 0.058365758754863814
1 0.7761667314262848 0.31055089146511206 0.058365758754863814 0.058365758754863814
1 0.7425265212376141 0.413642352005344 0.058365758754863814 0.058365758754863814
1 0.6623658736444747 0.3825131985918452 0.058365758754863814 0.058365758754863814
1 0.5519120999150707 0.3574100681987988 0.058365758754863814 0.058365758754863814
1 0.5322005881458192 0.46505285555279646 0.058365758754863814 0.058365758754863814
1 0.6339156591990222 0.47623155205921824 0.058365758754863814 0.058365758754863814
1 0.7177825176022603 0.505905858854868 0.058365758754863814 0.058365758754863814
1 0.6963124562022222 0.5988652636090372 0.058365758754863814 0.058365758754863814
1 0.6037010004003757 0.5757582310913413 0.058365758754863814 0.058365758754863814
1 0.506771755506246 0.5568662140219737 0.058365758754863814 0.058365758754863814
1 0.4764209406132741 0.651359816249846 0.058365758754863814 0.058365758754863814
1 0.6691328099006112 0.7025875682821656 0.058365758754863814 0.058365758754863814
1 0.6734728205497404 0.28775408802753244 0.058365758754863814 0.058365758754863814