0 0.5212555338988608 0.2642193300724771 0.058365758754863814 0.058365758754863814
0 0.5653004361246953 0.5481938591859513 0.058365758754863814 0.058365758754863814
1 0.42999002425653476 0.2683206264359457 0.058365758754863814 0.058365758754863814
1 0.624751577669332 0.24410173708984204 0.058365758754863814 0.058365758754863814
1 0.6355892012252252 0.34234818996297084 0.058365758754863814 0.058365758754863814
1 0.5351766796530397 0.36075715225120486 0.058365758754863814 0.058365758754863814
1 0.4468681885299055 0.3639220253513422 0.058365758754863814 0.058365758754863814
1 0.45877180978472554 0.4690147034855147 0.058365758754863814 0.058365758754863814
1 0.5502385578888677 0.45614904774478116 0.058365758754863814 0.058365758754863814
1 0.6456304533824437 0.43774008545654713 0.058365758754863814 0.058365758754863814
1 0.6640394156706777 0.5348055229763264 0.058365758754863814 0.058365758754863814
1 0.4746458334580136 0.5682210179647775 0.058365758754863814 0.058365758754863814
1 0.4832968768407439 0.6636682589939645 0.058365758754863814 0.058365758754863814
1 0.5753416882819139 0.6502799227843398 0.058365758754863814 0.058365758754863814
1 0.6757542098540993 0.6352180445485119 0.058365758754863814 0.058365758754863814