0 0.4803344318305946 0.34490157573762326 0.058365758754863814 0.058365758754863814
1 0.6724071258016932 0.7055068096490418 0.058365758754863814 0.058365758754863814
1 0.57868877233432 0.7289363980158852 0.058365758754863814 0.058365758754863814
1 0.4846425083358323 0.7500343018181789 0.058365758754863814 0.058365758754863814
1 0.46464278980478246 0.6523098977381215 0.058365758754863814 0.058365758754863814
1 0.6456304533824437 0.6067678301030595 0.058365758754863814 0.058365758754863814
1 0.6183324353598367 0.5114534079551574 0.058365758754863814 0.058365758754863814
1 0.5326786408418593 0.5276349718137805 0.058365758754863814 0.058365758754863814
1 0.43530603837901705 0.5547450052147599 0.058365758754863814 0.058365758754863814
1 0.5944496790968847 0.40874720892242 0.058365758754863814 0.058365758754863814
1 0.5017058391289778 0.4410871695089534 0.058365758754863814 0.058365758754863814
1 0.41085154390829054 0.4620561968327898 0.058365758754863814 0.058365758754863814
1 0.3805700040922828 0.3672107639578544 0.058365758754863814 0.058365758754863814
1 0.5599120700497447 0.6325559305774389 0.058365758754863814 0.058365758754863814
1 0.5754296851844594 0.3186267888364828 0.058365758754863814 0.058365758754863814