0 0.5227139629118851 0.411145878755187 0.058365758754863814 0.058365758754863814
0 0.556223547374494 0.6009293330515028 0.058365758754863814 0.058365758754863814
0 0.6437773528864364 0.5858686335149728 0.058365758754863814 0.058365758754863814
1 0.41332518488951975 0.3316289216471626 0.058365758754863814 0.058365758754863814
1 0.5899365582813334 0.2857022841718218 0.058365758754863814 0.058365758754863814
1 0.4229926825459302 0.4255805350897148 0.058365758754863814 0.058365758754863814
1 0.49824373509848024 0.3051536773431862 0.058365758754863814 0.058365758754863814
1 0.6080089781641289 0.3863012837037029 0.058365758754863814 0.058365758754863814
1 0.6282133014220594 0.4812554053915407 0.058365758754863814 0.058365758754863814
1 0.44470286597699327 0.5270572537875217 0.058365758754863814 0.058365758754863814
1 0.5385275925349818 0.5019609827721141 0.058365758754863814 0.058365758754863814
1 0.4620223557732225 0.6243949548144181 0.058365758754863814 0.058365758754863814
1 0.6681206938152778 0.6764320615679763 0.058365758754863814 0.058365758754863814
1 0.5719123879182308 0.6986434991216824 0.058365758754863814 0.058365758754863814
1 0.47946663464881134 0.7148335937880621 0.058365758754863814 0.058365758754863814