0 0.6255479490680067 0.6352180445485119 0.058365758754863814 0.058365758754863814
1 0.6353666072586072 0.7302932320407941 0.058365758754863814 0.058365758754863814
1 0.5422265110164751 0.7290188624201248 0.058365758754863814 0.058365758754863814
1 0.438122671736207 0.7367108196831937 0.058365758754863814 0.058365758754863814
1 0.4423587034002018 0.6370508782329543 0.058365758754863814 0.058365758754863814
1 0.5375885121764222 0.6394363677174595 0.058365758754863814 0.058365758754863814
1 0.6255593786709533 0.5375593185650253 0.058365758754863814 0.058365758754863814
1 0.5385351933083923 0.5325386924864162 0.058365758754863814 0.058365758754863814
1 0.4374964626121899 0.5352868774673021 0.058365758754863814 0.058365758754863814
1 0.6272329206971563 0.4321261709142303 0.058365758754863814 0.058365758754863814
1 0.5385776476580066 0.43088287564131 0.058365758754863814 0.058365758754863814
1 0.4361918233636446 0.4394352451623722 0.058365758754863814 0.058365758754863814
1 0.4297549616051913 0.3400813594730602 0.058365758754863814 0.058365758754863814
1 0.5368616512821893 0.34175490149926313 0.058365758754863814 0.058365758754863814
1 0.6305800047495629 0.34008135947306006 0.058365758754863814 0.058365758754863814