0 0.528982521950853 0.5812841882868933 0.058365758754863814 0.058365758754863814
1 0.49770073785458613 0.6716011153222559 0.058365758754863814 0.058365758754863814
1 0.413825715218901 0.6310834386392691 0.058365758754863814 0.058365758754863814
1 0.3162248334108801 0.5940585358071814 0.058365758754863814 0.058365758754863814
1 0.3621820931149726 0.5055261791537287 0.058365758754863814 0.058365758754863814
1 0.44748145894753005 0.5479340231003352 0.058365758754863814 0.058365758754863814
1 0.5702652417079587 0.49278015481491055 0.058365758754863814 0.058365758754863814
1 0.4935163531195406 0.4514519123567419 0.058365758754863814 0.058365758754863814
1 0.40078273153770927 0.4112418010698202 0.058365758754863814 0.058365758754863814
1 0.616339959468269 0.39793254150927415 0.058365758754863814 0.058365758754863814
1 0.5365164344380992 0.35933839593588796 0.058365758754863814 0.058365758754863814
1 0.44010897705719715 0.3238193559402696 0.058365758754863814 0.058365758754863814
1 0.47626396558863376 0.23105382034027408 0.058365758754863814 0.058365758754863814
1 0.5669739781508984 0.2653652567576287 0.058365758754863814 0.058365758754863814
1 0.658273266022349 0.31592615098794957 0.058365758754863814 0.058365758754863814