0 0.5558737338258014 0.6590515600830916 0.058365758754863814 0.058365758754863814
1 0.5391057605657588 0.7531500850349045 0.058365758754863814 0.058365758754863814
1 0.4499250175647632 0.7262521924833657 0.058365758754863814 0.058365758754863814
1 0.34773379370347274 0.7049512693775373 0.058365758754863814 0.058365758754863814
1 0.37284310311133984 0.6117884561816687 0.058365758754863814 0.058365758754863814
1 0.45652020442149444 0.6368915865747151 0.058365758754863814 0.058365758754863814
1 0.5820358563867261 0.5548880272907635 0.058365758754863814 0.058365758754863814
1 0.47994979278833755 0.5364790650025295 0.058365758754863814 0.058365758754863814
1 0.40265180568953246 0.5111575424533749 0.058365758754863814 0.058365758754863814
1 0.6004448186749604 0.45614904774478116 0.058365758754863814 0.058365758754863814
1 0.505052923181384 0.4427607115351564 0.058365758754863814 0.058365758754863814
1 0.4079874856616047 0.42267820722071925 0.058365758754863814 0.058365758754863814
1 0.44901613012325725 0.3213801083020881 0.058365758754863814 0.058365758754863814
1 0.5301560535744303 0.3440217319891739 0.058365758754863814 0.058365758754863814
1 0.6205273229893973 0.35908361022500185 0.058365758754863814 0.058365758754863814