0 0.34773997271829343 0.26034463067901936 0.058365758754863814 0.058365758754863814
0 0.45652020442149444 0.43774008545654713 0.058365758754863814 0.058365758754863814
0 0.6225044367042365 0.33803690991508195 0.058365758754863814 0.058365758754863814
1 0.4304631468261894 0.21132075155540905 0.058365758754863814 0.058365758754863814
1 0.5117964004982063 0.16448872928453062 0.058365758754863814 0.058365758754863814
1 0.5673964556649155 0.250105306221904 0.058365758754863814 0.058365758754863814
1 0.47946485197173727 0.30521328726122504 0.058365758754863814 0.058365758754863814
1 0.3976395241723328 0.35436033628790825 0.058365758754863814 0.058365758754863814
1 0.5337340286374178 0.38570773655960133 0.058365758754863814 0.058365758754863814
1 0.5042095809941414 0.5246093419078789 0.058365758754863814 0.058365758754863814
1 0.5850507605387707 0.48009234639280496 0.058365758754863814 0.058365758754863814
1 0.6744585866141123 0.4180392850860702 0.058365758754863814 0.058365758754863814
1 0.5602798100460861 0.6084413721292626 0.058365758754863814 0.058365758754863814
1 0.6421997100282109 0.5527302391095591 0.058365758754863814 0.058365758754863814
1 0.7245171119550037 0.5012681633270712 0.058365758754863814 0.058365758754863814