0 0.5736681462557107 0.6067678301030595 0.058365758754863814 0.058365758754863814
1 0.49896124277429116 0.16761305323600806 0.058365758754863814 0.058365758754863814
1 0.6880301296598376 0.2178603610350358 0.058365758754863814 0.058365758754863814
1 0.6622422791675167 0.3150347812375335 0.058365758754863814 0.058365758754863814
1 0.5667048300826771 0.2895948796975349 0.058365758754863814 0.058365758754863814
1 0.463575649670239 0.26767409570121964 0.058365758754863814 0.058365758754863814
1 0.446478952264276 0.35573652617259555 0.058365758754863814 0.058365758754863814
1 0.541960826447323 0.38185838654705884 0.058365758754863814 0.058365758754863814
1 0.6374982755321629 0.4072982880870574 0.058365758754863814 0.058365758754863814
1 0.6073926359475592 0.5086877237378834 0.058365758754863814 0.058365758754863814
1 0.5234167583302781 0.4771506603235307 0.058365758754863814 0.058365758754863814
1 0.41802873781882316 0.45614904774478116 0.058365758754863814 0.058365758754863814
1 0.39613669854317674 0.5527522454820355 0.058365758754863814 0.058365758754863814
1 0.593188578479643 0.18914651725972179 0.058365758754863814 0.058365758754863814
1 0.4899910449455563 0.5799911576838099 0.058365758754863814 0.058365758754863814