0 0.5100735492599935 0.308877349438909 0.058365758754863814 0.058365758754863814
0 0.5067264652075872 0.6067678301030593 0.058365758754863814 0.058365758754863814
1 0.4197022798450265 0.2954890132292842 0.058365758754863814 0.058365758754863814
1 0.6155066969107882 0.308877349438909 0.058365758754863814 0.058365758754863814
1 0.6138331548845851 0.4042692449324852 0.058365758754863814 0.058365758754863814
1 0.5117470912861966 0.3975750768276728 0.058365758754863814 0.058365758754863814
1 0.41802873781882344 0.3925544507490637 0.058365758754863814 0.058365758754863814
1 0.409661027687808 0.49798759839985834 0.058365758754863814 0.058365758754863814
1 0.5067264652075872 0.49631405637365533 0.058365758754863814 0.058365758754863814
1 0.6088125288059758 0.5063553085308737 0.058365758754863814 0.058365758754863814
1 0.6071389867797727 0.60174720402445 0.058365758754863814 0.058365758754863814
1 0.4063139436354017 0.5984001199720439 0.058365758754863814 0.058365758754863814
1 0.39961977553058947 0.6971390995180262 0.058365758754863814 0.058365758754863814
1 0.501705839128978 0.7004861835704326 0.058365758754863814 0.058365758754863814
1 0.6004448186749604 0.7021597255966356 0.058365758754863814 0.058365758754863814