0 0.6260962242568185 0.524584365051291 0.058365758754863814 0.058365758754863814
1 0.407793126576289 0.2949618474910302 0.058365758754863814 0.058365758754863814
1 0.5840526647035313 0.26423770781747424 0.058365758754863814 0.058365758754863814
1 0.6099256244286312 0.3547930668553236 0.058365758754863814 0.058365758754863814
1 0.6163938643599063 0.4372631259790792 0.058365758754863814 0.058365758754863814
1 0.4336660863013889 0.46313608570417897 0.058365758754863814 0.058365758754863814
1 0.4191125464560202 0.377431906614786 0.058365758754863814 0.058365758754863814
1 0.41749548647320145 0.375814846631967 0.058365758754863814 0.058365758754863814
1 0.6438838840678247 0.6054373641922278 0.058365758754863814 0.058365758754863814
1 0.4643902259749449 0.6313103239173278 0.058365758754863814 0.058365758754863814
1 0.44498550618112004 0.5488402647935722 0.058365758754863814 0.058365758754863814