0 0.6869713627127297 0.7785727443897873 0.058365758754863814 0.058365758754863814
1 0.5809812955969892 0.3485553635601301 0.058365758754863814 0.058365758754863814
1 0.7661254792690663 0.38753382467045433 0.058365758754863814 0.058365758754863814
1 0.7343281807712075 0.47957863611162443 0.058365758754863814 0.058365758754863814
1 0.6456304533824437 0.46619029990199967 0.058365758754863814 0.058365758754863814
1 0.5508809875585575 0.45033121469654624 0.058365758754863814 0.058365758754863814
1 0.5284825115482273 0.5414996910811389 0.058365758754863814 0.058365758754863814
1 0.6351346842244515 0.5602566567583067 0.058365758754863814 0.058365758754863814
1 0.7242869286139889 0.581664699710013 0.058365758754863814 0.058365758754863814
1 0.7092250503781611 0.6753830531773861 0.058365758754863814 0.058365758754863814
1 0.621603242378926 0.65638885732295 0.058365758754863814 0.058365758754863814
1 0.5117470912861963 0.6435857546795274 0.058365758754863814 0.058365758754863814
1 0.49845429674295116 0.7385481567761127 0.058365758754863814 0.058365758754863814
1 0.6657129576968808 0.3674513203560173 0.058365758754863814 0.058365758754863814
1 0.6023275877382956 0.7566944727731494 0.058365758754863814 0.058365758754863814