0 0.6567693268372697 0.38045315797027773 0.058365758754863814 0.058365758754863814
0 0.5322229436993139 0.4258410361576464 0.058365758754863814 0.058365758754863814
0 0.3934054015396863 0.46613039111936044 0.058365758754863814 0.058365758754863814
0 0.5732090266633241 0.5594124369518991 0.058365758754863814 0.058365758754863814
1 0.5201148014172118 0.19507649165709892 0.058365758754863814 0.058365758754863814
1 0.6021183607011634 0.2419356683907853 0.058365758754863814 0.058365758754863814
1 0.7045661553617738 0.29390804862837283 0.058365758754863814 0.058365758754863814
1 0.5679864153487555 0.3334268665179304 0.058365758754863814 0.058365758754863814
1 0.47660270873593147 0.2904683871506751 0.058365758754863814 0.058365758754863814
1 0.44347693674572947 0.38255671646129086 0.058365758754863814 0.058365758754863814
1 0.6172269788969063 0.4691622603889321 0.058365758754863814 0.058365758754863814
1 0.4814177759560442 0.5109188804250989 0.058365758754863814 0.058365758754863814
1 0.34414130794072956 0.5556838396800311 0.058365758754863814 0.058365758754863814
1 0.42617390845448644 0.6012797705928561 0.058365758754863814 0.058365758754863814
1 0.5186249826291326 0.6407852139982896 0.058365758754863814 0.058365758754863814