0 0.5803623143605231 0.19172940760469262 0.058365758754863814 0.058365758754863814
0 0.5150941753386027 0.3825131985918452 0.058365758754863814 0.058365758754863814
0 0.6907340791908158 0.45325779437396596 0.058365758754863814 0.058365758754863814
1 0.6763607696395202 0.2236271131051067 0.058365758754863814 0.058365758754863814
1 0.7627100595740257 0.2603985230680578 0.058365758754863814 0.058365758754863814
1 0.7277945694705515 0.35632804371654453 0.058365758754863814 0.058365758754863814
1 0.6308648188131302 0.3192675534368086 0.058365758754863814 0.058365758754863814
1 0.5423705287023632 0.2834963734827921 0.058365758754863814 0.058365758754863814
1 0.5992390990532447 0.41105161389116446 0.058365758754863814 0.058365758754863814
1 0.4715820826573223 0.47623155205921824 0.058365758754863814 0.058365758754863814
1 0.5547433782357891 0.5088370543991282 0.058365758754863814 0.058365758754863814
1 0.6581081294219956 0.5428968546520601 0.058365758754863814 0.058365758754863814
1 0.4297609829289497 0.5684230100099349 0.058365758754863814 0.058365758754863814
1 0.5311252740972867 0.5981928099103436 0.058365758754863814 0.058365758754863814
1 0.6217645643843155 0.6329637598554255 0.058365758754863814 0.058365758754863814