0 0.45209726002650114 0.335464251631689 0.058365758754863814 0.058365758754863814
0 0.46990854063111903 0.5431732331073419 0.058365758754863814 0.058365758754863814
0 0.6606923316182717 0.5331319809501234 0.058365758754863814 0.058365758754863814
1 0.5452179318102581 0.33900110591056476 0.058365758754863814 0.058365758754863814
1 0.6486151701534897 0.33507050916442255 0.058365758754863814 0.058365758754863814
1 0.6539981635134592 0.436066543430344 0.058365758754863814 0.058365758754863814
1 0.5519120999150707 0.4410871695089534 0.058365758754863814 0.058365758754863814
1 0.4586813109247211 0.44912378038884737 0.058365758754863814 0.058365758754863814
1 0.5602798100460861 0.5381526070287326 0.058365758754863814 0.058365758754863814
1 0.46990854063111903 0.6469328387319336 0.058365758754863814 0.058365758754863814
1 0.5653004361246953 0.6402386706271213 0.058365758754863814 0.058365758754863814
1 0.6657129576968808 0.6301974184699027 0.058365758754863814 0.058365758754863814
1 0.4782762507621345 0.7456718182779161 0.058365758754863814 0.058365758754863814
1 0.5736681462557107 0.7389776501731037 0.058365758754863814 0.058365758754863814
1 0.6724071258016932 0.7289363980158852 0.058365758754863814 0.058365758754863814