0 0.5306601834929903 0.33523007851249 0.058365758754863814 0.058365758754863814
1 0.4365374199171607 0.3435771609359664 0.058365758754863814 0.058365758754863814
1 0.6355892012252252 0.3205921436223306 0.058365758754863814 0.058365758754863814
1 0.6527947415864493 0.41422122583341536 0.058365758754863814 0.058365758754863814
1 0.5485650158626646 0.43104591735173464 0.058365758754863814 0.058365758754863814
1 0.45317312036908813 0.4427607115351564 0.058365758754863814 0.058365758754863814
1 0.46656145657871295 0.5381526070287326 0.058365758754863814 0.058365758754863814
1 0.5636268940984922 0.5214171867667017 0.058365758754863814 0.058365758754863814
1 0.6539981635134592 0.5097023925832802 0.058365758754863814 0.058365758754863814
1 0.6774277518803025 0.6101149141554656 0.058365758754863814 0.058365758754863814
1 0.5719946042295077 0.6285238764436996 0.058365758754863814 0.058365758754863814
1 0.4749291667097284 0.6452592967057306 0.058365758754863814 0.058365758754863814
1 0.49501167102416543 0.7423247342255097 0.058365758754863814 0.058365758754863814
1 0.5887300244915386 0.7205686878848696 0.058365758754863814 0.058365758754863814
1 0.6908160880899271 0.7038332676228387 0.058365758754863814 0.058365758754863814