0 0.3862314393209645 0.35238944212018947 0.058365758754863814 0.058365758754863814
1 0.37228418282240827 0.24962963520611256 0.058365758754863814 0.058365758754863814
1 0.46488533349996514 0.23954358349515517 0.058365758754863814 0.058365758754863814
1 0.5672757847675313 0.21922189437606532 0.058365758754863814 0.058365758754863814
1 0.5752168194695384 0.31865522813283426 0.058365758754863814 0.058365758754863814
1 0.4804061212099853 0.3278931139933637 0.058365758754863814 0.058365758754863814
1 0.405506665302547 0.4397317388086561 0.058365758754863814 0.058365758754863814
1 0.49249404598756064 0.43410936157130675 0.058365758754863814 0.058365758754863814
1 0.592444729807624 0.4190681373760941 0.058365758754863814 0.058365758754863814
1 0.41669466608216943 0.5445829572327782 0.058365758754863814 0.058365758754863814
1 0.5048406357384578 0.535012625256584 0.058365758754863814 0.058365758754863814
1 0.6054210199663611 0.5140463106202906 0.058365758754863814 0.058365758754863814
1 0.6205273229893973 0.6101149141554656 0.058365758754863814 0.058365758754863814
1 0.5234618854696181 0.6301974184699027 0.058365758754863814 0.058365758754863814
1 0.4245899714209195 0.6363495875430515 0.058365758754863814 0.058365758754863814