0 0.4634653402725254 0.294769073632697 0.058365758754863814 0.058365758754863814
0 0.5442568589184454 0.486507994377443 0.058365758754863814 0.058365758754863814
0 0.5033793811551809 0.6101149141554656 0.058365758754863814 0.058365758754863814
1 0.3784705390330539 0.3380760879389282 0.058365758754863814 0.058365758754863814
1 0.5507110505566584 0.25219342400950473 0.058365758754863814 0.058365758754863814
1 0.41803550743077356 0.42309929667617135 0.058365758754863814 0.058365758754863814
1 0.5068291695743004 0.38724796668919204 0.058365758754863814 0.058365758754863814
1 0.5963257889030948 0.34540368174903907 0.058365758754863814 0.058365758754863814
1 0.6352162076133185 0.44016189134796746 0.058365758754863814 0.058365758754863814
1 0.45619456145795784 0.5201084153197613 0.058365758754863814 0.058365758754863814
1 0.5890266025907553 0.5670009775275917 0.058365758754863814 0.058365758754863814
1 0.6757542098540993 0.5281113548715141 0.058365758754863814 0.058365758754863814
1 0.7242869286139889 0.6168090822602779 0.058365758754863814 0.058365758754863814
1 0.6339156591990222 0.6569740908891522 0.058365758754863814 0.058365758754863814
1 0.5406429035190745 0.7005927908412003 0.058365758754863814 0.058365758754863814