0 0.41464988477479814 0.3444428521744833 0.058365758754863814 0.058365758754863814
1 0.3208757672189405 0.35606968685792284 0.058365758754863814 0.058365758754863814
1 0.5100735492599933 0.31557151754372154 0.058365758754863814 0.058365758754863814
1 0.5394667930808856 0.4191234456152861 0.058365758754863814 0.058365758754863814
1 0.44145832618566655 0.43774008545654713 0.058365758754863814 0.058365758754863814
1 0.35051282583621207 0.4575091160649808 0.058365758754863814 0.058365758754863814
1 0.36922640149599695 0.5545884385493732 0.058365758754863814 0.058365758754863814
1 0.4702372363739388 0.5210529866601381 0.058365758754863814 0.058365758754863814
1 0.5485650158626646 0.5113759346094833 0.058365758754863814 0.058365758754863814
1 0.5686475201771015 0.6067678301030595 0.058365758754863814 0.058365758754863814
1 0.4782762507621345 0.6301974184699027 0.058365758754863814 0.058365758754863814
1 0.3874472820924041 0.6601869492183695 0.058365758754863814 0.058365758754863814
1 0.4059279457188155 0.7556090164725161 0.058365758754863814 0.058365758754863814
1 0.5034999632665856 0.7283762526281277 0.058365758754863814 0.058365758754863814
1 0.6004448186749604 0.7105274357276511 0.058365758754863814 0.058365758754863814