0 0.6374780269476775 0.661168962860763 0.058365758754863814 0.058365758754863814
1 0.45842645256363573 0.2560894942951573 0.058365758754863814 0.058365758754863814
1 0.6539527009945098 0.262517721402055 0.058365758754863814 0.058365758754863814
1 0.6506852797194407 0.3630025716677398 0.058365758754863814 0.058365758754863814
1 0.5518737165914027 0.3597059430570394 0.058365758754863814 0.058365758754863814
1 0.44645662691967203 0.36154600520180313 0.058365758754863814 0.058365758754863814
1 0.4573148336441219 0.46040846774476896 0.058365758754863814 0.058365758754863814
1 0.5452179318102581 0.4678638419282028 0.058365758754863814 0.058365758754863814
1 0.6473302364374778 0.45846756052048465 0.058365758754863814 0.058365758754863814
1 0.6408038628940093 0.5640306868703713 0.058365758754863814 0.058365758754863814
1 0.5468914738364612 0.5565615693169668 0.058365758754863814 0.058365758754863814
1 0.4531912521281808 0.5555888984975368 0.058365758754863814 0.058365758754863814
1 0.4448747621045408 0.6544880836324686 0.058365758754863814 0.058365758754863814
1 0.5550827231952097 0.25587451851606147 0.058365758754863814 0.058365758754863814
1 0.5503210591119029 0.6543213086253512 0.058365758754863814 0.058365758754863814