0 0.5375577011265253 0.7017466012658663 0.058365758754863814 0.058365758754863814
1 0.3427433767073055 0.34868700075345477 0.058365758754863814 0.058365758754863814
1 0.5268089695220243 0.3005096393078936 0.058365758754863814 0.058365758754863814
1 0.5552591839674768 0.3942279927752667 0.058365758754863814 0.058365758754863814
1 0.45652020442149444 0.42602529127312555 0.058365758754863814 0.058365758754863814
1 0.3694960190589336 0.45280196369237485 0.058365758754863814 0.058365758754863814
1 0.3845578972947615 0.546520317159748 0.058365758754863814 0.058365758754863814
1 0.4812918470544682 0.5176673203355846 0.058365758754863814 0.058365758754863814
1 0.577589718084912 0.49527730463645736 0.058365758754863814 0.058365758754863814
1 0.602274576078801 0.5874351705763347 0.058365758754863814 0.058365758754863814
1 0.5096554194399725 0.6105113167238914 0.058365758754863814 0.058365758754863814
1 0.41520271120533353 0.6393361798083469 0.058365758754863814 0.058365758754863814
1 0.4327665913654648 0.7370179229356444 0.058365758754863814 0.058365758754863814
1 0.6269710452726843 0.6917766008384386 0.058365758754863814 0.058365758754863814
1 0.4360505249572625 0.32346286642836497 0.058365758754863814 0.058365758754863814