0 0.5008473031183793 0.31629172361390195 0.058365758754863814 0.058365758754863814
0 0.6322421171728189 0.5850117837624192 0.058365758754863814 0.058365758754863814
1 0.4147687652013929 0.34689726546841726 0.058365758754863814 0.058365758754863814
1 0.5939392470441884 0.2667938590168478 0.058365758754863814 0.058365758754863814
1 0.637245379395082 0.3518055839115807 0.058365758754863814 0.058365758754863814
1 0.5439660137147234 0.393821488113439 0.058365758754863814 0.058365758754863814
1 0.4588605779427159 0.4333866402667346 0.058365758754863814 0.058365758754863814
1 0.5009701930218486 0.5304069861446908 0.058365758754863814 0.058365758754863814
1 0.5858882070393072 0.48335987359619953 0.058365758754863814 0.058365758754863814
1 0.6807389335005242 0.44429926920150975 0.058365758754863814 0.058365758754863814
1 0.7175927605091765 0.5364790650025295 0.058365758754863814 0.058365758754863814
1 0.5368502216792428 0.618482624286481 0.058365758754863814 0.058365758754863814
1 0.5803623143605231 0.7105274357276511 0.058365758754863814 0.058365758754863814
1 0.6707335837754901 0.6670153430463708 0.058365758754863814 0.058365758754863814
1 0.7627783952166602 0.6285238764436996 0.058365758754863814 0.058365758754863814