0 0.6020927568229809 0.6553942770656412 0.058365758754863814 0.058365758754863814
1 0.32429993564293 0.3104595141848525 0.058365758754863814 0.058365758754863814
1 0.5148275363212332 0.26606278785329945 0.058365758754863814 0.058365758754863814
1 0.5376788427193119 0.3639693707300754 0.058365758754863814 0.058365758754863814
1 0.4413809716888681 0.38635938642920264 0.058365758754863814 0.058365758754863814
1 0.34104580461348094 0.40761632898489164 0.058365758754863814 0.058365758754863814
1 0.3694960190589336 0.5080288505570769 0.058365758754863814 0.058365758754863814
1 0.4715820826573223 0.4779050940854213 0.058365758754863814 0.058365758754863814
1 0.5591462770205365 0.457049818067855 0.058365758754863814 0.058365758754863814
1 0.580164031822805 0.5607051178815295 0.058365758754863814 0.058365758754863814
1 0.49333812899796237 0.5799911576838099 0.058365758754863814 0.058365758754863814
1 0.396759270140958 0.6011086932397445 0.058365758754863814 0.058365758754863814
1 0.4143231503010892 0.6987904363670422 0.058365758754863814 0.058365758754863814
1 0.4230493638974326 0.2871213030982688 0.058365758754863814 0.058365758754863814
1 0.5161332873189589 0.6713378341794458 0.058365758754863814 0.058365758754863814