0 0.5853829404391324 0.2821006770196597 0.058365758754863814 0.058365758754863814
0 0.5528865967729638 0.5823848635937693 0.058365758754863814 0.058365758754863814
1 0.4916645869717593 0.26369171473142566 0.058365758754863814 0.058365758754863814
1 0.6941631721423335 0.2971625552554875 0.058365758754863814 0.058365758754863814
1 0.6791012939065055 0.3892073666966574 0.058365758754863814 0.058365758754863814
1 0.5753416882819139 0.3758190304870328 0.058365758754863814 0.058365758754863814
1 0.48162333481454084 0.36075715225120486 0.058365758754863814 0.058365758754863814
1 0.47190507558798545 0.4611543756921066 0.058365758754863814 0.058365758754863814
1 0.5682587909756265 0.4730060183975341 0.058365758754863814 0.058365758754863814
1 0.6623658736444747 0.4912934302950461 0.058365758754863814 0.058365758754863814
1 0.6523246214872561 0.5850117837624192 0.058365758754863814 0.058365758754863814
1 0.4546158431250726 0.5601238654401188 0.058365758754863814 0.058365758754863814
1 0.43424501223504225 0.6569702758911378 0.058365758754863814 0.058365758754863814
1 0.5348717572133002 0.6744924203874237 0.058365758754863814 0.058365758754863814
1 0.6255479490680067 0.690444931413214 0.058365758754863814 0.058365758754863814