0 0.5834908893709887 0.45749997813124366 0.058365758754863814 0.058365758754863814
1 0.6753949157513573 0.28081446351386 0.058365758754863814 0.058365758754863814
1 0.7551281267206946 0.3270753440500202 0.058365758754863814 0.058365758754863814
1 0.6238744070418034 0.3707984044084234 0.058365758754863814 0.058365758754863814
1 0.7223158854569597 0.4099044587381455 0.058365758754863814 0.058365758754863814
1 0.5433226467993706 0.32621588885783986 0.058365758754863814 0.058365758754863814
1 0.4899910449455563 0.4210046651945162 0.058365758754863814 0.058365758754863814
1 0.5806651136502006 0.23818199889512406 0.058365758754863814 0.058365758754863814
1 0.6692170552934995 0.5030579014821364 0.058365758754863814 0.058365758754863814
1 0.628132542534158 0.5910633839470805 0.058365758754863814 0.058365758754863814
1 0.5319116035691512 0.5476711471475338 0.058365758754863814 0.058365758754863814
1 0.44767657451049064 0.5028729959774522 0.058365758754863814 0.058365758754863814
1 0.40209024366182616 0.5923412078084747 0.058365758754863814 0.058365758754863814
1 0.49006731862899827 0.6371677664763279 0.058365758754863814 0.058365758754863814
1 0.5810550748216429 0.6797718235972919 0.058365758754863814 0.058365758754863814