0 0.6907845319562709 0.24186159664628992 0.058365758754863814 0.058365758754863814
0 0.5326850499263677 0.3788921216269197 0.058365758754863814 0.058365758754863814
0 0.6450624463459443 0.5336468411796651 0.058365758754863814 0.058365758754863814
1 0.7474301357724948 0.32759418293685755 0.058365758754863814 0.058365758754863814
1 0.803825109473049 0.4026138030649982 0.058365758754863814 0.058365758754863814
1 0.7256226477336127 0.4682334598677146 0.058365758754863814 0.058365758754863814
1 0.660209266421662 0.3876732584800463 0.058365758754863814 0.058365758754863814
1 0.6014565530728759 0.3124473628611398 0.058365758754863814 0.058365758754863814
1 0.5869285594694557 0.4513477266160624 0.058365758754863814 0.058365758754863814
1 0.4454641805755351 0.43897119717010824 0.058365758754863814 0.058365758754863814
1 0.4995014146278574 0.513784541807483 0.058365758754863814 0.058365758754863814
1 0.5719880148845039 0.5949635696674492 0.058365758754863814 0.058365758754863814
1 0.36147050746090176 0.5028962954217939 0.058365758754863814 0.058365758754863814
1 0.4343696586990804 0.579359843985296 0.058365758754863814 0.058365758754863814
1 0.4954801116960984 0.6547920150949681 0.058365758754863814 0.058365758754863814