0 0.5268089695220243 0.5314584389239203 0.058365758754863814 0.058365758754863814
1 0.4301237612939084 0.3316556303475599 0.058365758754863814 0.058365758754863814
1 0.5322234840259773 0.3317639906834149 0.058365758754863814 0.058365758754863814
1 0.6225809894588893 0.333341186807498 0.058365758754863814 0.058365758754863814
1 0.44343090539485697 0.43231572462703144 0.058365758754863814 0.058365758754863814
1 0.5321443310257535 0.43219042627783716 0.058365758754863814 0.058365758754863814
1 0.6276677345497609 0.42548880872058115 0.058365758754863814 0.058365758754863814
1 0.6258860870762596 0.5275593241170189 0.058365758754863814 0.058365758754863814
1 0.43978478415946354 0.5297848968977171 0.058365758754863814 0.058365758754863814
1 0.4350229930487015 0.6263294105871343 0.058365758754863814 0.058365758754863814
1 0.5271122002905223 0.6245892397715557 0.058365758754863814 0.058365758754863814
1 0.6192306148679744 0.6211757818183304 0.058365758754863814 0.058365758754863814
1 0.6190054251895949 0.7299686531009854 0.058365758754863814 0.058365758754863814
1 0.5237156803506368 0.723283973557069 0.058365758754863814 0.058365758754863814
1 0.4367047491930179 0.7217651921042482 0.058365758754863814 0.058365758754863814