0 0.5183847966026425 0.3413872540482935 0.058365758754863814 0.058365758754863814
0 0.4570272879631007 0.5401995759677931 0.058365758754863814 0.058365758754863814
0 0.3421205189812557 0.6064196630919554 0.058365758754863814 0.058365758754863814
1 0.446478952264276 0.31389797551751847 0.058365758754863814 0.058365758754863814
1 0.6205273229893973 0.3741454884608298 0.058365758754863814 0.058365758754863814
1 0.4113345697140108 0.4143104970897038 0.058365758754863814 0.058365758754863814
1 0.4921591304573856 0.4401039283637589 0.058365758754863814 0.058365758754863814
1 0.5876145062678663 0.46557666442244966 0.058365758754863814 0.058365758754863814
1 0.5564968923651322 0.5631639436080653 0.058365758754863814 0.058365758754863814
1 0.3795372712161521 0.5097023925832802 0.058365758754863814 0.058365758754863814
1 0.4395830090875118 0.6306382149414369 0.058365758754863814 0.058365758754863814
1 0.5248780243397553 0.6554828099929211 0.058365758754863814 0.058365758754863814
1 0.5058030962116743 0.745544983923282 0.058365758754863814 0.058365758754863814
1 0.4075876760188519 0.7245877305787849 0.058365758754863814 0.058365758754863814
1 0.316647782922565 0.701875038902436 0.058365758754863814 0.058365758754863814