0 0.4136787528946628 0.26685001688457444 0.058365758754863814 0.058365758754863814
1 0.5828486593103123 0.6307252362067338 0.058365758754863814 0.058365758754863814
1 0.49638659619058667 0.646646658686955 0.058365758754863814 0.058365758754863814
1 0.3897157047723327 0.6712963762319225 0.058365758754863814 0.058365758754863814
1 0.37658161437781307 0.5724149140479918 0.058365758754863814 0.058365758754863814
1 0.5652007288857374 0.5389945260940777 0.058365758754863814 0.058365758754863814
1 0.5397225317119446 0.44262239131962167 0.058365758754863814 0.058365758754863814
1 0.4531486166980254 0.4527896310335897 0.058365758754863814 0.058365758754863814
1 0.354122108667715 0.4730412563686535 0.058365758754863814 0.058365758754863814
1 0.5230623749190922 0.33850040256553854 0.058365758754863814 0.058365758754863814
1 0.42639644794983866 0.3741454884608298 0.058365758754863814 0.058365758754863814
1 0.33619282854471183 0.3788723739639056 0.058365758754863814 0.058365758754863814
1 0.31260113598584166 0.2821456463594316 0.058365758754863814 0.058365758754863814
1 0.4729967905359023 0.5593547156045109 0.058365758754863814 0.058365758754863814
1 0.51037519547343 0.2472727435875287 0.058365758754863814 0.058365758754863814