0 0.44384993796307226 0.4108910909814586 0.058365758754863814 0.058365758754863814
1 0.4229896867977671 0.32531710082307763 0.058365758754863814 0.058365758754863814
1 0.5146616983250338 0.30879608849125073 0.058365758754863814 0.058365758754863814
1 0.6153851622259663 0.2813815051599954 0.058365758754863814 0.058365758754863814
1 0.6302429717020492 0.3800186857345431 0.058365758754863814 0.058365758754863814
1 0.5363076298807684 0.3958477285532154 0.058365758754863814 0.058365758754863814
1 0.46939209337899424 0.5126386420289041 0.058365758754863814 0.058365758754863814
1 0.5557753799664931 0.5009620276831006 0.058365758754863814 0.058365758754863814
1 0.6544333661836217 0.47898523590245656 0.058365758754863814 0.058365758754863814
1 0.4878668920160664 0.6164540126721157 0.058365758754863814 0.058365758754863814
1 0.5736681462557107 0.5917059518672316 0.058365758754863814 0.058365758754863814
1 0.6740033891998921 0.5728268668464624 0.058365758754863814 0.058365758754863814
1 0.687469004037521 0.6703624270987769 0.058365758754863814 0.058365758754863814
1 0.5938214378044433 0.6879212562045469 0.058365758754863814 0.058365758754863814
1 0.5021442813256534 0.7074463554235634 0.058365758754863814 0.058365758754863814