1 0.3711695610851366 0.3005096393078936 0.058365758754863814 0.058365758754863814
1 0.4598672884739005 0.2737329668886441 0.058365758754863814 0.058365758754863814
1 0.5535856419412737 0.24360921041698835 0.058365758754863814 0.058365758754863814
1 0.3962726914781831 0.38753382467045433 0.058365758754863814 0.058365758754863814
1 0.4924903369433682 0.36006196845124105 0.058365758754863814 0.058365758754863814
1 0.5834484595039524 0.3374223911627248 0.058365758754863814 0.058365758754863814
1 0.5168624924285278 0.4574861608697843 0.058365758754863814 0.058365758754863814
1 0.6122370228334201 0.43193063246929575 0.058365758754863814 0.058365758754863814
1 0.6357428892202581 0.5261217899588594 0.058365758754863814 0.058365758754863814
1 0.5419848762798554 0.5512441738101872 0.058365758754863814 0.058365758754863814
1 0.4413276489323331 0.5764826183936683 0.058365758754863814 0.058365758754863814
1 0.42073773365746714 0.48670786874841293 0.058365758754863814 0.058365758754863814
1 0.47098250136012254 0.6742238946292186 0.058365758754863814 0.058365758754863814
1 0.5639902859343571 0.6527676902560311 0.058365758754863814 0.058365758754863814
1 0.6593648163392497 0.6272121618555426 0.058365758754863814 0.058365758754863814