0 0.6539981635134592 0.2770800509410502 0.058365758754863814 0.058365758754863814
1 0.5669739781508984 0.24026212636458227 0.058365758754863814 0.058365758754863814
1 0.7560842271118479 0.31557151754372154 0.058365758754863814 0.058365758754863814
1 0.7247524802079623 0.4041637961835265 0.058365758754863814 0.058365758754863814
1 0.6316203743162903 0.3755608490289895 0.058365758754863814 0.058365758754863814
1 0.5419207092033753 0.3429297783119231 0.058365758754863814 0.058365758754863814
1 0.5095874798781949 0.4363597255954812 0.058365758754863814 0.058365758754863814
1 0.6138331548845849 0.4578225897709842 0.058365758754863814 0.058365758754863814
1 0.6896137299813987 0.5000701858829794 0.058365758754863814 0.058365758754863814
1 0.6673864997230838 0.5883588678148254 0.058365758754863814 0.058365758754863814
1 0.5736681462557107 0.5599086533693728 0.058365758754863814 0.058365758754863814
1 0.4725679700195084 0.5369211587348376 0.058365758754863814 0.058365758754863814
1 0.44086166057170245 0.6287994248717612 0.058365758754863814 0.058365758754863814
1 0.5389778883887666 0.6540011683411435 0.058365758754863814 0.058365758754863814
1 0.6422833693300376 0.6753830531773861 0.058365758754863814 0.058365758754863814