0 0.47325562468352533 0.3406746479367678 0.058365758754863814 0.058365758754863814
0 0.5234618854696181 0.5348055229763264 0.058365758754863814 0.058365758754863814
0 0.6142174825449145 0.5132901891146066 0.058365758754863814 0.058365758754863814
1 0.366591818661132 0.27574532301301646 0.058365758754863814 0.058365758754863814
1 0.5395692953426153 0.21761077388738134 0.058365758754863814 0.058365758754863814
1 0.3827895000354618 0.36879370450077364 0.058365758754863814 0.058365758754863814
1 0.4494566918656152 0.24341095245548308 0.058365758754863814 0.058365758754863814
1 0.5646151231884239 0.3167040510294435 0.058365758754863814 0.058365758754863814
1 0.5913938944267779 0.4100174869043677 0.058365758754863814 0.058365758754863814
1 0.4115254566143204 0.4685088051715457 0.058365758754863814 0.058365758754863814
1 0.5033710034838662 0.4369287853363054 0.058365758754863814 0.058365758754863814
1 0.43559269178987686 0.564401249915684 0.058365758754863814 0.058365758754863814
1 0.6448189097099027 0.6019349035862279 0.058365758754863814 0.058365758754863814
1 0.5485650158626646 0.6235032503650904 0.058365758754863814 0.058365758754863814
1 0.4593031578238905 0.653402733528848 0.058365758754863814 0.058365758754863814