0 0.5705151140244623 0.40666724024011475 0.058365758754863814 0.058365758754863814
0 0.5940462762064898 0.5979443590543149 0.058365758754863814 0.058365758754863814
0 0.682268308382805 0.5874865118172476 0.058365758754863814 0.058365758754863814
1 0.4654378455083936 0.3215342920581813 0.058365758754863814 0.058365758754863814
1 0.6442107936403219 0.28491372055318004 0.058365758754863814 0.058365758754863814
1 0.4701750466651724 0.41586310581408314 0.058365758754863814 0.058365758754863814
1 0.5516256250230149 0.2995396246843379 0.058365758754863814 0.058365758754863814
1 0.6569935010621828 0.386320690028668 0.058365758754863814 0.058365758754863814
1 0.672200620239539 0.4822020929707681 0.058365758754863814 0.058365758754863814
1 0.48654459593492544 0.5183369774057695 0.058365758754863814 0.058365758754863814
1 0.5815541763077282 0.49818550674122336 0.058365758754863814 0.058365758754863814
1 0.4987460883105882 0.6164477125564645 0.058365758754863814 0.058365758754863814
1 0.7018385640011531 0.6791998578652568 0.058365758754863814 0.058365758754863814
1 0.6045996514197555 0.6963457017281091 0.058365758754863814 0.058365758754863814
1 0.5114332677562503 0.7076753715344739 0.058365758754863814 0.058365758754863814