1 0.5248181225351028 0.19389354344676943 0.058365758754863814 0.058365758754863814
1 0.6260851362270733 0.21799885966783947 0.058365758754863814 0.058365758754863814
1 0.7241688838204152 0.24106987003511474 0.058365758754863814 0.058365758754863814
1 0.7016150263800376 0.33756198457914244 0.058365758754863814 0.058365758754863814
1 0.6067145448853243 0.3155252800656623 0.058365758754863814 0.058365758754863814
1 0.5149571552206172 0.28923082933113664 0.058365758754863814 0.058365758754863814
1 0.4892200316816111 0.38468863802136954 0.058365758754863814 0.058365758754863814
1 0.5862694734211581 0.4109429144872731 0.058365758754863814 0.058365758754863814
1 0.6732519639379223 0.43568590644110616 0.058365758754863814 0.058365758754863814
1 0.6459232073496022 0.5306265622044417 0.058365758754863814 0.058365758754863814
1 0.5499884200010935 0.5117731237895898 0.058365758754863814 0.058365758754863814
1 0.45930551045880347 0.48758745903127604 0.058365758754863814 0.058365758754863814
1 0.43408553984669485 0.5814536346721948 0.058365758754863814 0.058365758754863814
1 0.5337207462207292 0.5997497458915271 0.058365758754863814 0.058365758754863814
1 0.6389362852776314 0.6268503344174965 0.058365758754863814 0.058365758754863814