0 0.534666711443915 0.4441218029930502 0.058365758754863814 0.058365758754863814
1 0.47325562468352533 0.2653652567576287 0.058365758754863814 0.058365758754863814
1 0.5675316437111564 0.23107292914639066 0.058365758754863814 0.058365758754863814
1 0.5083772365406869 0.35240878331708836 0.058365758754863814 0.058365758754863814
1 0.6004448186749604 0.3222656856485339 0.058365758754863814 0.058365758754863814
1 0.4145745043306368 0.37758713835648033 0.058365758754863814 0.058365758754863814
1 0.4460219969722935 0.47472323015803836 0.058365758754863814 0.058365758754863814
1 0.38028294843259863 0.28832060035614915 0.058365758754863814 0.058365758754863814
1 0.6279801473188391 0.41734303175469606 0.058365758754863814 0.058365758754863814
1 0.6595601671540794 0.5091885786242417 0.058365758754863814 0.058365758754863814
1 0.55693272599368 0.5481938591859513 0.058365758754863814 0.058365758754863814
1 0.46848881594888775 0.5711049712373027 0.058365758754863814 0.058365758754863814
1 0.49784659605645626 0.6671299431750247 0.058365758754863814 0.058365758754863814
1 0.5870564824653355 0.6352180445485119 0.058365758754863814 0.058365758754863814
1 0.6873175310626857 0.6057028468970899 0.058365758754863814 0.058365758754863814