0 0.5452179318102581 0.4594961317971874 0.058365758754863814 0.058365758754863814
1 0.5468914738364615 0.2603446306790195 0.058365758754863814 0.058365758754863814
1 0.6389362852776314 0.2653652567576287 0.058365758754863814 0.058365758754863814
1 0.5468914738364612 0.36410423630361094 0.058365758754863814 0.058365758754863814
1 0.6473039954086468 0.3540629841463926 0.058365758754863814 0.058365758754863814
1 0.44982603631668205 0.36075715225120486 0.058365758754863814 0.058365758754863814
1 0.45149957834288507 0.4628432158495936 0.058365758754863814 0.058365758754863814
1 0.4431318682118696 0.2653652567576287 0.058365758754863814 0.058365758754863814
1 0.6422833693300376 0.4611696738233904 0.058365758754863814 0.058365758754863814
1 0.6456304533824437 0.5582351113431697 0.058365758754863814 0.058365758754863814
1 0.540197305731649 0.5632557374217791 0.058365758754863814 0.058365758754863814
1 0.4448054102380729 0.561582195395576 0.058365758754863814 0.058365758754863814
1 0.4448054102380729 0.6619947169677615 0.058365758754863814 0.058365758754863814
1 0.5435443897840552 0.6619947169677615 0.058365758754863814 0.058365758754863814
1 0.6439569113562407 0.6586476329153553 0.058365758754863814 0.058365758754863814