0 0.62733494288271 0.6939343874955469 0.058365758754863814 0.058365758754863814
1 0.5650228549723352 0.29553646303665837 0.058365758754863814 0.058365758754863814
1 0.7592448100888892 0.3189814642073356 0.058365758754863814 0.058365758754863814
1 0.7472319905784403 0.41879916475245543 0.058365758754863814 0.058365758754863814
1 0.650402999585967 0.4120282221086449 0.058365758754863814 0.058365758754863814
1 0.5485650158626646 0.3959015348014698 0.058365758754863814 0.058365758754863814
1 0.5468914738364612 0.48794634624264 0.058365758754863814 0.058365758754863814
1 0.6374211570560419 0.5017123900917191 0.058365758754863814 0.058365758754863814
1 0.7355693922392226 0.5136084692117576 0.058365758754863814 0.058365758754863814
1 0.7272457246238834 0.6086512544518811 0.058365758754863814 0.058365758754863814
1 0.6323196797741707 0.5986581214746025 0.058365758754863814 0.058365758754863814
1 0.5337044830293478 0.5934399038023206 0.058365758754863814 0.058365758754863814
1 0.5168000078234918 0.6912379178142697 0.058365758754863814 0.058365758754863814
1 0.7147659435517921 0.7151468164447574 0.058365758754863814 0.058365758754863814
1 0.6613300556865298 0.3037464543634186 0.058365758754863814 0.058365758754863814