0 0.5077685094613704 0.3219753123048736 0.058365758754863814 0.058365758754863814
0 0.6011819200878834 0.5712902479025682 0.058365758754863814 0.058365758754863814
1 0.5374454614168602 0.2271644661442542 0.058365758754863814 0.058365758754863814
1 0.6307680245172147 0.26027488982670927 0.058365758754863814 0.058365758754863814
1 0.7163985422005753 0.2998397059815627 0.058365758754863814 0.058365758754863814
1 0.591041287496499 0.36133385296896114 0.058365758754863814 0.058365758754863814
1 0.6860584091478839 0.38865306527621885 0.058365758754863814 0.058365758754863814
1 0.6443864834604681 0.48479027363124066 0.058365758754863814 0.058365758754863814
1 0.5700166850721291 0.6695345657901527 0.058365758754863814 0.058365758754863814
1 0.4805401446802715 0.6331969458714987 0.058365758754863814 0.058365758754863814
1 0.3928025174643483 0.6041388203883061 0.058365758754863814 0.058365758754863814
1 0.43447444315176426 0.5080016120332844 0.058365758754863814 0.058365758754863814
1 0.4624568365562233 0.4189819772478623 0.058365758754863814 0.058365758754863814
1 0.5215932438953897 0.5441329564611728 0.058365758754863814 0.058365758754863814
1 0.5557793996565776 0.4520924009303174 0.058365758754863814 0.058365758754863814