0 0.41957138541137096 0.48200421312655656 0.058365758754863814 0.058365758754863814
1 0.3855812371817282 0.4007470430205705 0.058365758754863814 0.058365758754863814
1 0.47354015840006014 0.37008876968316645 0.058365758754863814 0.058365758754863814
1 0.568734963641641 0.32725508417227045 0.058365758754863814 0.058365758754863814
1 0.5988401034042077 0.4223536038978673 0.058365758754863814 0.058365758754863814
1 0.5085374693629479 0.45268248987883464 0.058365758754863814 0.058365758754863814
1 0.46071589822660636 0.5785034095617632 0.058365758754863814 0.058365758754863814
1 0.5442090382927004 0.5534572304890548 0.058365758754863814 0.058365758754863814
1 0.6382144533204485 0.5163175001878028 0.058365758754863814 0.058365758754863814
1 0.49520354340480943 0.6781505454791098 0.058365758754863814 0.058365758754863814
1 0.5789374813008991 0.6489969716811047 0.058365758754863814 0.058365758754863814
1 0.6722236022140257 0.605942358852254 0.058365758754863814 0.058365758754863814
1 0.7122533039328838 0.6971029356997133 0.058365758754863814 0.058365758754863814
1 0.611033552922939 0.7321629659615799 0.058365758754863814 0.058365758754863814
1 0.5235394928211062 0.7657891457393349 0.058365758754863814 0.058365758754863814