0 0.5067264652075872 0.3222656856485339 0.058365758754863814 0.058365758754863814
0 0.5351766796530397 0.5281113548715141 0.058365758754863814 0.058365758754863814
0 0.7242869286139889 0.5046817665046708 0.058365758754863814 0.058365758754863814
1 0.6004982430440653 0.308958451848958 0.058365758754863814 0.058365758754863814
1 0.6938481670183381 0.29925648520016834 0.058365758754863814 0.058365758754863814
1 0.7098179457654149 0.40008569995355053 0.058365758754863814 0.058365758754863814
1 0.6070739934136644 0.4146643404054422 0.058365758754863814 0.058365758754863814
1 0.5150941753386027 0.43439300140414094 0.058365758754863814 0.058365758754863814
1 0.6222008650156003 0.5180701027142957 0.058365758754863814 0.058365758754863814
1 0.5452179318102581 0.6268503344174965 0.058365758754863814 0.058365758754863814
1 0.6422833693300376 0.6151355402340749 0.058365758754863814 0.058365758754863814
1 0.7393191663580178 0.5970471152715761 0.058365758754863814 0.058365758754863814
1 0.5519775776515535 0.7300776871707035 0.058365758754863814 0.058365758754863814
1 0.6550654696921234 0.7069725573333369 0.058365758754863814 0.058365758754863814
1 0.7511976702567668 0.693441115487811 0.058365758754863814 0.058365758754863814