0 0.5162841957888015 0.41094419408016397 0.058365758754863814 0.058365758754863814
1 0.46702287563391603 0.19451287901297293 0.058365758754863814 0.058365758754863814
1 0.566481413315117 0.21758590235723527 0.058365758754863814 0.058365758754863814
1 0.654168269806596 0.23944869116185236 0.058365758754863814 0.058365758754863814
1 0.45734536415514376 0.29558651769316374 0.058365758754863814 0.058365758754863814
1 0.5438132564301994 0.315420609362668 0.058365758754863814 0.058365758754863814
1 0.6383959372457068 0.3303788441664785 0.058365758754863814 0.058365758754863814
1 0.6136990832256765 0.4294325153883347 0.058365758754863814 0.058365758754863814
1 0.4318668997024841 0.38973736257694763 0.058365758754863814 0.058365758754863814
1 0.40550936284384703 0.4827362767042329 0.058365758754863814 0.058365758754863814
1 0.49501167102416543 0.5097023925832802 0.058365758754863814 0.058365758754863814
1 0.5887300244915386 0.5297848968977171 0.058365758754863814 0.058365758754863814
1 0.5614625802934241 0.6251062942375893 0.058365758754863814 0.058365758754863814
1 0.4749291667097284 0.6050942880768563 0.058365758754863814 0.058365758754863814
1 0.38567963601273186 0.5761043581417058 0.058365758754863814 0.058365758754863814