0 0.5387522837595964 0.47605822231021727 0.058365758754863814 0.058365758754863814
1 0.5919130025742242 0.2841257885851032 0.058365758754863814 0.058365758754863814
1 0.6795220294736752 0.31279829118241753 0.058365758754863814 0.058365758754863814
1 0.565058040526253 0.3843498713834648 0.058365758754863814 0.058365758754863814
1 0.6646479556906002 0.400639439546176 0.058365758754863814 0.058365758754863814
1 0.4721663166841718 0.3559944526031578 0.058365758754863814 0.058365758754863814
1 0.44736101664985134 0.45503516248619064 0.058365758754863814 0.058365758754863814
1 0.4903894861283799 0.26212037893060136 0.058365758754863814 0.058365758754863814
1 0.6320771521508386 0.5027971236260346 0.058365758754863814 0.058365758754863814
1 0.6101878032284902 0.5974214256647592 0.058365758754863814 0.058365758754863814
1 0.5070477693181564 0.5749828714610965 0.058365758754863814 0.058365758754863814
1 0.41533941839140415 0.5486771146944398 0.058365758754863814 0.058365758754863814
1 0.38957852337337073 0.6435857546795274 0.058365758754863814 0.058365758754863814
1 0.48162333481454084 0.6703624270987769 0.058365758754863814 0.058365758754863814
1 0.5825826128143511 0.6939793289849806 0.058365758754863814 0.058365758754863814