0 0.5697251367949174 0.30840220924247763 0.058365758754863814 0.058365758754863814
0 0.6000490280815851 0.5729101751228927 0.058365758754863814 0.058365758754863814
1 0.6214573760728129 0.22358715488090994 0.058365758754863814 0.058365758754863814
1 0.7039977237528413 0.278290828842641 0.058365758754863814 0.058365758754863814
1 0.7775130537765731 0.3373962980277303 0.058365758754863814 0.058365758754863814
1 0.6410026646720399 0.3667371413554104 0.058365758754863814 0.058365758754863814
1 0.7265882561057639 0.41623157848669656 0.058365758754863814 0.058365758754863814
1 0.6628964690226663 0.4994317496340911 0.058365758754863814 0.058365758754863814
1 0.5460420821221502 0.6606966641682959 0.058365758754863814 0.058365758754863814
1 0.46801424327027014 0.6037920925948858 0.058365758754863814 0.058365758754863814
1 0.3899125953485304 0.5543714645334595 0.058365758754863814 0.058365758754863814
1 0.45360438243162793 0.4711712933860647 0.058365758754863814 0.058365758754863814
1 0.502291377955828 0.39156547585494195 0.058365758754863814 0.058365758754863814
1 0.5293944191368988 0.5273053278873184 0.058365758754863814 0.058365758754863814
1 0.5848317256358562 0.4462691498166729 0.058365758754863814 0.058365758754863814