0 0.560646553537501 0.5274038963916721 0.058365758754863814 0.058365758754863814
1 0.6788368493949879 0.5872976539051494 0.058365758754863814 0.058365758754863814
1 0.5881551141519851 0.6085937671477503 0.058365758754863814 0.058365758754863814
1 0.48900445669137094 0.641242238544689 0.058365758754863814 0.058365758754863814
1 0.46900473816032107 0.5435178344646319 0.058365758754863814 0.058365758754863814
1 0.6548330975704418 0.4970214525872586 0.058365758754863814 0.058365758754863814
1 0.6226943837153752 0.4026613446816676 0.058365758754863814 0.058365758754863814
1 0.5370405891973979 0.41884290854029094 0.058365758754863814 0.058365758754863814
1 0.43966798673455565 0.4459529419412702 0.058365758754863814 0.058365758754863814
1 0.5988116274524234 0.29995514564893033 0.058365758754863814 0.058365758754863814
1 0.5124890145614898 0.3201964332676539 0.058365758754863814 0.058365758754863814
1 0.4152134922638293 0.35326413355930014 0.058365758754863814 0.058365758754863814
1 0.3945991494519799 0.2569975466266133 0.058365758754863814 0.058365758754863814
1 0.4892619821563269 0.23413107796206814 0.058365758754863814 0.058365758754863814
1 0.5703210622033046 0.20511774381431738 0.058365758754863814 0.058365758754863814