0 0.5547956009726067 0.319866687049898 0.058365758754863814 0.058365758754863814
0 0.5117470912861963 0.44778133761376565 0.058365758754863814 0.058365758754863814
0 0.469308507345463 0.5832923924231918 0.058365758754863814 0.058365758754863814
0 0.6473039954086468 0.5030082244784677 0.058365758754863814 0.058365758754863814
1 0.33772503863464953 0.32156093773422595 0.058365758754863814 0.058365758754863814
1 0.42342873304253736 0.275991475089319 0.058365758754863814 0.058365758754863814
1 0.5128734076480231 0.2303283015671375 0.058365758754863814 0.058365758754863814
1 0.46456524597669185 0.364052210668495 0.058365758754863814 0.058365758754863814
1 0.380339201472388 0.408835992922973 0.058365758754863814 0.058365758754863814
1 0.4311272942184775 0.49366029606315665 0.058365758754863814 0.058365758754863814
1 0.6033203634246826 0.4039990206769268 0.058365758754863814 0.058365758754863814
1 0.5552591839674768 0.546520317159748 0.058365758754863814 0.058365758754863814
1 0.5084000072337902 0.67203596912498 0.058365758754863814 0.058365758754863814
1 0.5920771085439448 0.6318709604961058 0.058365758754863814 0.058365758754863814
1 0.6941631721423335 0.5917059518672316 0.058365758754863814 0.058365758754863814