0 0.5150941753386027 0.2620181727052226 0.058365758754863814 0.058365758754863814
1 0.41635519579262015 0.2553240046004102 0.058365758754863814 0.058365758754863814
1 0.6171802389369913 0.26369171473142566 0.058365758754863814 0.058365758754863814
1 0.6167488383093089 0.3626288959122236 0.058365758754863814 0.058365758754863814
1 0.5193234700925836 0.362504954077747 0.058365758754863814 0.058365758754863814
1 0.42400285196433457 0.3575253499609718 0.058365758754863814 0.058365758754863814
1 0.4203987039444704 0.4563261742746082 0.058365758754863814 0.058365758754863814
1 0.5208667019516443 0.46007618109278564 0.058365758754863814 0.058365758754863814
1 0.6111857989992813 0.4646182088146213 0.058365758754863814 0.058365758754863814
1 0.6138331548845849 0.5548880272907635 0.058365758754863814 0.058365758754863814
1 0.5150941753386027 0.5548880272907635 0.058365758754863814 0.058365758754863814
1 0.41439808823950297 0.5633170082576178 0.058365758754863814 0.058365758754863814
1 0.4109397990179522 0.660450658877717 0.058365758754863814 0.058365758754863814
1 0.5121370910166918 0.6558647972282081 0.058365758754863814 0.058365758754863814
1 0.6071389867797725 0.6553005488629491 0.058365758754863814 0.058365758754863814