0 0.32096330029904396 0.4628432158495936 0.058365758754863814 0.058365758754863814
0 0.5719946042295077 0.5515409432383573 0.058365758754863814 0.058365758754863814
1 0.26740995546054497 0.3791661145394389 0.058365758754863814 0.058365758754863814
1 0.35276059879690264 0.3289598537533461 0.058365758754863814 0.058365758754863814
1 0.43811124213326047 0.28879484512447207 0.058365758754863814 0.058365758754863814
1 0.4046404016091986 0.4243517492469225 0.058365758754863814 0.058365758754863814
1 0.48664396089315 0.3691248623822203 0.058365758754863814 0.058365758754863814
1 0.5335031376268367 0.4628432158495936 0.058365758754863814 0.058365758754863814
1 0.6272214910942097 0.6385651286009182 0.058365758754863814 0.058365758754863814
1 0.5418708477578521 0.6837507633084017 0.058365758754863814 0.058365758754863814
1 0.4632143725263069 0.7322834820682913 0.058365758754863814 0.058365758754863814
1 0.41635519579262015 0.6385651286009182 0.058365758754863814 0.058365758754863814
1 0.3661489350065274 0.5599086533693728 0.058365758754863814 0.058365758754863814
1 0.5000322971027749 0.5950530359196378 0.058365758754863814 0.058365758754863814
1 0.45149957834288507 0.5097023925832802 0.058365758754863814 0.058365758754863814