0 0.6205273229893971 0.3758190304870328 0.058365758754863814 0.058365758754863814
0 0.5284825115482273 0.4712109259806089 0.058365758754863814 0.058365758754863814
0 0.4213758218712293 0.5682763635003882 0.058365758754863814 0.058365758754863814
0 0.6238744070418034 0.5732969895789976 0.058365758754863814 0.058365758754863814
1 0.42806998997604173 0.2754065089148472 0.058365758754863814 0.058365758754863814
1 0.5251354274958209 0.2754065089148472 0.058365758754863814 0.058365758754863814
1 0.6255479490680065 0.2770800509410502 0.058365758754863814 0.058365758754863814
1 0.5201148014172118 0.3724719464346264 0.058365758754863814 0.058365758754863814
1 0.4247229059236354 0.3724719464346264 0.058365758754863814 0.058365758754863814
1 0.42974353200224474 0.4712109259806089 0.058365758754863814 0.058365758754863814
1 0.6238744070418034 0.47288446800681205 0.058365758754863814 0.058365758754863814
1 0.5201148014172118 0.5699499055265915 0.058365758754863814 0.058365758754863814
1 0.4163551957926199 0.6703624270987769 0.058365758754863814 0.058365758754863814
1 0.510073549259993 0.6753830531773861 0.058365758754863814 0.058365758754863814
1 0.6104860708321787 0.6703624270987769 0.058365758754863814 0.058365758754863814