0 0.5067264652075872 0.43271945937793793 0.058365758754863814 0.058365758754863814
0 0.7448132345635823 0.5645299805690389 0.058365758754863814 0.058365758754863814
1 0.47478848588662376 0.34188334363814027 0.058365758754863814 0.058365758754863814
1 0.5675606868618245 0.3072608124443019 0.058365758754863814 0.058365758754863814
1 0.6585892426984299 0.28252698422484307 0.058365758754863814 0.058365758754863814
1 0.6021183607011634 0.40594278695868824 0.058365758754863814 0.058365758754863814
1 0.692435479299169 0.37006422618975476 0.058365758754863814 0.058365758754863814
1 0.7223087385527184 0.4704957979307397 0.058365758754863814 0.058365758754863814
1 0.784089509721511 0.6598221212759335 0.058365758754863814 0.058365758754863814
1 0.6921891313156083 0.6895003009825822 0.058365758754863814 0.058365758754863814
1 0.6063000065130932 0.7236371451064209 0.058365758754863814 0.058365758754863814
1 0.5764267472595439 0.6232055733654358 0.058365758754863814 0.058365758754863814
1 0.5351766796530397 0.5264378128453111 0.058365758754863814 0.058365758754863814
1 0.6556717055396621 0.5950530359196378 0.058365758754863814 0.058365758754863814
1 0.6334139869485093 0.5024033098459832 0.058365758754863814 0.058365758754863814