0 0.6821568811535961 0.4454418409521532 0.058365758754863814 0.058365758754863814
0 0.5662440991084942 0.5097542658610513 0.058365758754863814 0.058365758754863814
0 0.43543827493760806 0.5712634399527762 0.058365758754863814 0.058365758754863814
0 0.6276207460066354 0.6352695450999256 0.058365758754863814 0.058365758754863814
1 0.5274667983805308 0.2931477904749253 0.058365758754863814 0.058365758754863814
1 0.6202909379203287 0.32152697791224116 0.058365758754863814 0.058365758754863814
1 0.7158266135229244 0.3524851742187721 0.058365758754863814 0.058365758754863814
1 0.5871105018861265 0.41288322844666087 0.058365758754863814 0.058365758754863814
1 0.4782762507621345 0.3992486188538761 0.058365758754863814 0.058365758754863814
1 0.4718195433697343 0.48088578208860916 0.058365758754863814 0.058365758754863814
1 0.6569785261142039 0.5392445731622035 0.058365758754863814 0.058365758754863814
1 0.5293735343412419 0.6017323399241807 0.058365758754863814 0.058365758754863814
1 0.40129331755679226 0.67203596912498 0.058365758754863814 0.058365758754863814
1 0.488317502919353 0.7105274357276511 0.058365758754863814 0.058365758754863814
1 0.5954241925963509 0.7339570240944943 0.058365758754863814 0.058365758754863814