0 0.7437163227927198 0.3959272802701672 0.058365758754863814 0.058365758754863814
0 0.6322421171728189 0.47957863611162443 0.058365758754863814 0.058365758754863814
0 0.5255385251707656 0.5665133115068042 0.058365758754863814 0.058365758754863814
0 0.7192663025353798 0.5967265779458408 0.058365758754863814 0.058365758754863814
1 0.5653004361246953 0.2703858828362378 0.058365758754863814 0.058365758754863814
1 0.6593429606564468 0.2860936607533574 0.058365758754863814 0.058365758754863814
1 0.7590304791529117 0.29825400151400616 0.058365758754863814 0.058365758754863814
1 0.644203737072468 0.38210256532164055 0.058365758754863814 0.058365758754863814
1 0.5493344083634243 0.37213139707750853 0.058365758754863814 0.058365758754863814
1 0.5440064971305003 0.4708542724909467 0.058365758754863814 0.058365758754863814
1 0.7368989701481309 0.4928108487195146 0.058365758754863814 0.058365758754863814
1 0.6235616694793525 0.57849871949124 0.058365758754863814 0.058365758754863814
1 0.5098745032581481 0.6675153386387213 0.058365758754863814 0.058365758754863814
1 0.6025546594506753 0.6823046966702743 0.058365758754863814 0.058365758754863814
1 0.7029419090519915 0.687807540679411 0.058365758754863814 0.058365758754863814