0 0.6057723833446654 0.6752435297579937 0.058365758754863814 0.058365758754863814
1 0.5854455703843953 0.2725146840220834 0.058365758754863814 0.058365758754863814
1 0.7761528873653631 0.3161329735244291 0.058365758754863814 0.058365758754863814
1 0.7537720844922222 0.41414818069892556 0.058365758754863814 0.058365758754863814
1 0.6657129576968808 0.3925544507490637 0.058365758754863814 0.058365758754863814
1 0.5694357121506347 0.37697519082093167 0.058365758754863814 0.058365758754863814
1 0.5453684769750785 0.4728676355650698 0.058365758754863814 0.058365758754863814
1 0.6372627432514283 0.4929669723212492 0.058365758754863814 0.058365758754863814
1 0.7326546387450045 0.5163965606880924 0.058365758754863814 0.058365758754863814
1 0.7140503582093284 0.6008711071197373 0.058365758754863814 0.058365758754863814
1 0.6288950331204127 0.5900324098410284 0.058365758754863814 0.058365758754863814
1 0.5234618854696181 0.5599086533693728 0.058365758754863814 0.058365758754863814
1 0.4961248280571945 0.6610077847206371 0.058365758754863814 0.058365758754863814
1 0.6905071252437905 0.7054787829438198 0.058365758754863814 0.058365758754863814
1 0.6803670123994618 0.2907465438495943 0.058365758754863814 0.058365758754863814