1 0.41727935505967456 0.372115071607469 0.058365758754863814 0.058365758754863814
1 0.5180095815127657 0.3458568193633365 0.058365758754863814 0.058365758754863814
1 0.6154435736410636 0.3201797821654024 0.058365758754863814 0.058365758754863814
1 0.6408300033158987 0.41596565713130357 0.058365758754863814 0.058365758754863814
1 0.5368502216792428 0.44778133761376565 0.058365758754863814 0.058365758754863814
1 0.453330782301988 0.4609223424244864 0.058365758754863814 0.058365758754863814
1 0.47542097765202973 0.5572894324365861 0.058365758754863814 0.058365758754863814
1 0.5602798100460861 0.5398261490549359 0.058365758754863814 0.058365758754863814
1 0.6523246214872561 0.5147230186618893 0.058365758754863814 0.058365758754863814
1 0.6822953747373879 0.6125772865264948 0.058365758754863814 0.058365758754863814
1 0.588738831980081 0.6409693430030238 0.058365758754863814 0.058365758754863814
1 0.497316093455171 0.6621877157837679 0.058365758754863814 0.058365758754863814
1 0.5191156812821136 0.7569066886334712 0.058365758754863814 0.058365758754863814
1 0.6156778508411141 0.7262852999483471 0.058365758754863814 0.058365758754863814
1 0.7126261558994123 0.7074913389230986 0.058365758754863814 0.058365758754863814