0 0.6004448186749604 0.581664699710013 0.058365758754863814 0.058365758754863814
1 0.6908160880899271 0.40594278695868824 0.058365758754863814 0.058365758754863814
1 0.7752896692915119 0.4475643343948628 0.058365758754863814 0.058365758754863814
1 0.6439569113562407 0.49631405637365533 0.058365758754863814 0.058365758754863814
1 0.7343281807712075 0.5414996910811389 0.058365758754863814 0.058365758754863814
1 0.5635832209921182 0.4540973074076499 0.058365758754863814 0.058365758754863814
1 0.5219565304164975 0.5473259712168522 0.058365758754863814 0.058365758754863814
1 0.5978306013686401 0.3648138120133795 0.058365758754863814 0.058365758754863814
1 0.687469004037521 0.6268503344174965 0.058365758754863814 0.058365758754863814
1 0.650651079461053 0.7222422299110728 0.058365758754863814 0.058365758754863814
1 0.5599078061175508 0.6758159008030996 0.058365758754863814 0.058365758754863814
1 0.4741606578336003 0.6339847995751731 0.058365758754863814 0.058365758754863814
1 0.4317244925097629 0.7249894497920302 0.058365758754863814 0.058365758754863814
1 0.5212123985563389 0.7667183456938038 0.058365758754863814 0.058365758754863814
1 0.6136315876173245 0.8061210226770795 0.058365758754863814 0.058365758754863814