0 0.6313336435869813 0.39588756794621655 0.058365758754863814 0.058365758754863814
1 0.5750308167623661 0.7931955393801994 0.058365758754863814 0.058365758754863814
1 0.4938462010043185 0.7594577531912499 0.058365758754863814 0.058365758754863814
1 0.39095926553824273 0.7220336144381515 0.058365758754863814 0.058365758754863814
1 0.4337987946323552 0.6319513040708089 0.058365758754863814 0.058365758754863814
1 0.6101901423671268 0.7066519408355282 0.058365758754863814 0.058365758754863814
1 0.6413103547590544 0.6119510471074651 0.058365758754863814 0.058365758754863814
1 0.5631658846584898 0.573326478282162 0.058365758754863814 0.058365758754863814
1 0.46908544124708235 0.5363772186292017 0.058365758754863814 0.058365758754863814
1 0.6840468710784023 0.5155532279446129 0.058365758754863814 0.058365758754863814
1 0.6029250561267472 0.47976839373050345 0.058365758754863814 0.058365758754863814
1 0.5053367309448361 0.4476355627153195 0.058365758754863814 0.058365758754863814
1 0.5382322243303567 0.35366474647013857 0.058365758754863814 0.058365758754863814
1 0.5217724590567802 0.6735095685282806 0.058365758754863814 0.058365758754863814
1 0.7230926512395467 0.4321333422068462 0.058365758754863814 0.058365758754863814