0 0.5736172376314862 0.2415568934324214 0.058365758754863814 0.058365758754863814
0 0.49516557725237575 0.434265015205311 0.058365758754863814 0.058365758754863814
0 0.3749246023396878 0.4902183301082288 0.058365758754863814 0.058365758754863814
1 0.48289415382057427 0.21207917659926748 0.058365758754863814 0.058365758754863814
1 0.6654148015648153 0.27314339624178713 0.058365758754863814 0.058365758754863814
1 0.45075032381568925 0.30017632150707035 0.058365758754863814 0.058365758754863814
1 0.5388876429921141 0.3376122035867957 0.058365758754863814 0.058365758754863814
1 0.6222008650156003 0.36577777832981423 0.058365758754863814 0.058365758754863814
1 0.5922551932605449 0.4658113437460548 0.058365758754863814 0.058365758754863814
1 0.4091370440521626 0.3957546530031689 0.058365758754863814 0.058365758754863814
1 0.46990543237164506 0.5228391387713893 0.058365758754863814 0.058365758754863814
1 0.5527105252046076 0.5550231430448963 0.058365758754863814 0.058365758754863814
1 0.5258587472745629 0.6430801136840775 0.058365758754863814 0.058365758754863814
1 0.4298436113888107 0.6136425711195452 0.058365758754863814 0.058365758754863814
1 0.34122931355411035 0.5830903741639744 0.058365758754863814 0.058365758754863814