0 0.546708269874425 0.23550085317928512 0.058365758754863814 0.058365758754863814
1 0.6355892012252252 0.24528275244319164 0.058365758754863814 0.058365758754863814
1 0.7363284945427306 0.257130277267596 0.058365758754863814 0.058365758754863814
1 0.6305685751466158 0.3507159000939864 0.058365758754863814 0.058365758754863814
1 0.7293075546925983 0.35573652617259555 0.058365758754863814 0.058365758754863814
1 0.5396239156691731 0.33567713358983253 0.058365758754863814 0.058365758754863814
1 0.5284825115482273 0.43774008545654713 0.058365758754863814 0.058365758754863814
1 0.6272214910942097 0.4427607115351564 0.058365758754863814 0.058365758754863814
1 0.7225973625271666 0.45248131700807925 0.058365758754863814 0.058365758754863814
1 0.717471899612078 0.5494691088298653 0.058365758754863814 0.058365758754863814
1 0.6188537809631942 0.5481938591859513 0.058365758754863814 0.058365758754863814
1 0.5268089695220243 0.5364790650025295 0.058365758754863814 0.058365758754863814
1 0.5083678108921944 0.635330822031596 0.058365758754863814 0.058365758754863814
1 0.6067310588108913 0.6439364911320717 0.058365758754863814 0.058365758754863814
1 0.7070531980197519 0.6493536716437864 0.058365758754863814 0.058365758754863814