0 0.4771626262034855 0.33799561231875996 0.058365758754863814 0.058365758754863814
1 0.5753607032882854 0.32767457852220233 0.058365758754863814 0.058365758754863814
1 0.6674260819502115 0.32304639839412985 0.058365758754863814 0.058365758754863814
1 0.5805136817449962 0.42473307974776253 0.058365758754863814 0.058365758754863814
1 0.685019390028882 0.4103835664705974 0.058365758754863814 0.058365758754863814
1 0.48932296696413413 0.4376831308152248 0.058365758754863814 0.058365758754863814
1 0.49298650400918015 0.5365809390048759 0.058365758754863814 0.058365758754863814
1 0.5970977346225539 0.5230907287929049 0.058365758754863814 0.058365758754863814
1 0.6912219651428703 0.5174283128234254 0.058365758754863814 0.058365758754863814
1 0.704696814538971 0.6136121501679216 0.058365758754863814 0.058365758754863814
1 0.6003660390312983 0.6296260376329644 0.058365758754863814 0.058365758754863814
1 0.5053217775460419 0.6379328316892185 0.058365758754863814 0.058365758754863814
1 0.5158177441188124 0.7377952829618962 0.058365758754863814 0.058365758754863814
1 0.6140158212036119 0.7274742491653384 0.058365758754863814 0.058365758754863814
1 0.7135284069238638 0.7136495342168119 0.058365758754863814 0.058365758754863814