0 0.44507136301087613 0.23241178886727207 0.058365758754863814 0.058365758754863814
0 0.4983917239762876 0.4335287257969906 0.058365758754863814 0.058365758754863814
0 0.43603655715204254 0.5505778550842233 0.058365758754863814 0.058365758754863814
1 0.3548765538600711 0.2634683522332855 0.058365758754863814 0.058365758754863814
1 0.53739338922338 0.20239273858520218 0.058365758754863814 0.058365758754863814
1 0.3822235350915651 0.3531705002890244 0.058365758754863814 0.058365758754863814
1 0.4715820826573223 0.32561276970094 0.058365758754863814 0.058365758754863814
1 0.5695918474609597 0.3010442250889903 0.058365758754863814 0.058365758754863814
1 0.5949159934183773 0.40029275447546714 0.058365758754863814 0.058365758754863814
1 0.40651016796503875 0.45454624673719995 0.058365758754863814 0.058365758754863814
1 0.5315233135101887 0.5194691008243986 0.058365758754863814 0.058365758754863814
1 0.6170232183363413 0.4953390406323581 0.058365758754863814 0.058365758754863814
1 0.6485724427974213 0.5818242676486436 0.058365758754863814 0.058365758754863814
1 0.5541753904170301 0.6160977520541105 0.058365758754863814 0.058365758754863814
1 0.4615408305001036 0.6419122126533243 0.058365758754863814 0.058365758754863814