0 0.4615408305001036 0.4009221608800791 0.058365758754863814 0.058365758754863814
0 0.577015230308117 0.6586476329153552 0.058365758754863814 0.058365758754863814
1 0.49668521305036845 0.31055089146511206 0.058365758754863814 0.058365758754863814
1 0.5887300244915386 0.3440217319891739 0.058365758754863814 0.058365758754863814
1 0.6807748359327086 0.3758190304870328 0.058365758754863814 0.058365758754863814
1 0.5519120999150707 0.4394136274827502 0.058365758754863814 0.058365758754863814
1 0.650651079461053 0.471210925980609 0.058365758754863814 0.058365758754863814
1 0.6121596128583818 0.563255737421779 0.058365758754863814 0.058365758754863814
1 0.5201148014172118 0.5331319809501234 0.058365758754863814 0.058365758754863814
1 0.42137582187122957 0.49464051434745226 0.058365758754863814 0.058365758754863814
1 0.48664396089315 0.6201561663126841 0.058365758754863814 0.058365758754863814
1 0.38957852337337073 0.5917059518672316 0.058365758754863814 0.058365758754863814
1 0.5435443897840552 0.743998276251713 0.058365758754863814 0.058365758754863814
1 0.448152494290479 0.7155480618062604 0.058365758754863814 0.058365758754863814
1 0.3594547669017151 0.690444931413214 0.058365758754863814 0.058365758754863814