0 0.5201148014172118 0.40928987101109465 0.058365758754863814 0.058365758754863814
0 0.5100735492599933 0.60174720402445 0.058365758754863814 0.058365758754863814
0 0.598771276648757 0.6067678301030595 0.058365758754863814 0.058365758754863814
1 0.4314170740284478 0.307203807412706 0.058365758754863814 0.058365758754863814
1 0.6138331548845849 0.3021831813340966 0.058365758754863814 0.058365758754863814
1 0.4197022798450262 0.4009221608800791 0.058365758754863814 0.058365758754863814
1 0.5201148014172118 0.3005096393078936 0.058365758754863814 0.058365758754863814
1 0.6088125288059758 0.4042692449324852 0.058365758754863814 0.058365758754863814
1 0.6071389867797725 0.5013346824522646 0.058365758754863814 0.058365758754863814
1 0.41802873781882305 0.5046817665046708 0.058365758754863814 0.058365758754863814
1 0.5150941753386027 0.5013346824522646 0.058365758754863814 0.058365758754863814
1 0.41300811174021407 0.6034207460506532 0.058365758754863814 0.058365758754863814
1 0.6021183607011634 0.7004861835704326 0.058365758754863814 0.058365758754863814
1 0.5033793811551809 0.7004861835704326 0.058365758754863814 0.058365758754863814
1 0.40966102768780777 0.6954655574918233 0.058365758754863814 0.058365758754863814