0 0.4306382726467983 0.5092782830094161 0.058365758754863814 0.058365758754863814
1 0.4849704188669469 0.6452592967057306 0.058365758754863814 0.058365758754863814
1 0.3929256074257768 0.6000736619982471 0.058365758754863814 0.058365758754863814
1 0.3059014220632161 0.563255737421779 0.058365758754863814 0.058365758754863814
1 0.3509036220672749 0.4613171860369152 0.058365758754863814 0.058365758754863814
1 0.5216544363372151 0.5481402942218682 0.058365758754863814 0.058365758754863814
1 0.5686475201771015 0.4611696738233904 0.058365758754863814 0.058365758754863814
1 0.4782762507621345 0.4210046651945162 0.058365758754863814 0.058365758754863814
1 0.3862314393209645 0.38083965656564195 0.058365758754863814 0.058365758754863814
1 0.6086616261176875 0.3626590731481425 0.058365758754863814 0.058365758754863814
1 0.5302336436783808 0.3213026372368883 0.058365758754863814 0.058365758754863814
1 0.43512451173487593 0.2824406627397815 0.058365758754863814 0.058365758754863814
1 0.474494946127952 0.19099342830066465 0.058365758754863814 0.058365758754863814
1 0.5691679332335653 0.24110998473642353 0.058365758754863814 0.058365758754863814
1 0.6534313697899978 0.2821660899979937 0.058365758754863814 0.058365758754863814