0 0.583032130941928 0.21634233105186063 0.058365758754863814 0.058365758754863814
1 0.5545812580513535 0.6166099668971704 0.058365758754863814 0.058365758754863814
1 0.4712409749404936 0.5886175167772751 0.058365758754863814 0.058365758754863814
1 0.37284310311133984 0.5599086533693728 0.058365758754863814 0.058365758754863814
1 0.40244544076220373 0.46561036228442854 0.058365758754863814 0.058365758754863814
1 0.5836179610464389 0.5278245936354783 0.058365758754863814 0.058365758754863814
1 0.6080563657581894 0.43118355024625743 0.058365758754863814 0.058365758754863814
1 0.5274079379381221 0.3981041516061673 0.058365758754863814 0.058365758754863814
1 0.42806998997604173 0.3791661145394389 0.058365758754863814 0.058365758754863814
1 0.6439644061302888 0.33203940264740245 0.058365758754863814 0.058365758754863814
1 0.5519120999150707 0.31055089146511206 0.058365758754863814 0.058365758754863814
1 0.46095189808481835 0.2767533706351138 0.058365758754863814 0.058365758754863814
1 0.4872121869256525 0.18071678895470253 0.058365758754863814 0.058365758754863814
1 0.4931037637451107 0.5009306602857958 0.058365758754863814 0.058365758754863814
1 0.6770959956641901 0.2460990276199945 0.058365758754863814 0.058365758754863814