1 0.35204171691057246 0.30298459197016686 0.058365758754863814 0.058365758754863814
1 0.4480211343637848 0.26816625557582213 0.058365758754863814 0.058365758754863814
1 0.5334688482961263 0.23874424817644066 0.058365758754863814 0.058365758754863814
1 0.39897412189860865 0.3930228284395384 0.058365758754863814 0.058365758754863814
1 0.4822946187692518 0.3625633079562134 0.058365758754863814 0.058365758754863814
1 0.5697651679756698 0.323594919226094 0.058365758754863814 0.058365758754863814
1 0.603001139297193 0.4201191886681838 0.058365758754863814 0.058365758754863814
1 0.5137916523365204 0.44375658776515803 0.058365758754863814 0.058365758754863814
1 0.4283961292979899 0.4784705423718801 0.058365758754863814 0.058365758754863814
1 0.4574298573899272 0.5782117328534234 0.058365758754863814 0.058365758754863814
1 0.5433702324173353 0.5450801433195223 0.058365758754863814 0.058365758754863814
1 0.6287657554558659 0.5103661887128002 0.058365758754863814 0.058365758754863814
1 0.6657634998057201 0.6126750664572971 0.058365758754863814 0.058365758754863814
1 0.5739341346882827 0.6389845346048472 0.058365758754863814 0.058365758754863814
1 0.4916511509015832 0.6673168380264736 0.058365758754863814 0.058365758754863814