0 0.5749424619988259 0.29781475726710704 0.058365758754863814 0.058365758754863814
1 0.8271166820286028 0.6099554230346468 0.058365758754863814 0.058365758754863814
1 0.7470746524055859 0.6463209774308222 0.058365758754863814 0.058365758754863814
1 0.6495356487388779 0.6960445172758251 0.058365758754863814 0.058365758754863814
1 0.6128701061893496 0.603277681156055 0.058365758754863814 0.058365758754863814
1 0.7878013032848642 0.5252189278257986 0.058365758754863814 0.058365758754863814
1 0.7397653879262928 0.43787319107879535 0.058365758754863814 0.058365758754863814
1 0.6582227660859252 0.46868254595093406 0.058365758754863814 0.058365758754863814
1 0.5670370801461118 0.5122892920009977 0.058365758754863814 0.058365758754863814
1 0.698410720098105 0.34087452709166577 0.058365758754863814 0.058365758754863814
1 0.6169144043714653 0.3757980684894931 0.058365758754863814 0.058365758754863814
1 0.5268588617296983 0.4252551132895781 0.058365758754863814 0.058365758754863814
1 0.48056762996698227 0.3371089298625411 0.058365758754863814 0.058365758754863814
1 0.7032617915993361 0.5672804842412883 0.058365758754863814 0.058365758754863814
1 0.6640304359124023 0.2554260259684465 0.058365758754863814 0.058365758754863814