0 0.6606923316182717 0.3005096393078936 0.058365758754863814 0.058365758754863814
0 0.5762121969281531 0.48950039001097395 0.058365758754863814 0.058365758754863814
0 0.45078120063552446 0.5325785824709339 0.058365758754863814 0.058365758754863814
1 0.5736681462557107 0.26034463067901936 0.058365758754863814 0.058365758754863814
1 0.7560842271118479 0.33565402185815846 0.058365758754863814 0.058365758754863814
1 0.5460563399908814 0.35150359001936377 0.058365758754863814 0.058365758754863814
1 0.6255479490680067 0.3892073666966574 0.058365758754863814 0.058365758754863814
1 0.7108985924043644 0.436066543430344 0.058365758754863814 0.058365758754863814
1 0.6673864997230838 0.5197436447404987 0.058365758754863814 0.058365758754863814
1 0.49468036601499504 0.44220856122979235 0.058365758754863814 0.058365758754863814
1 0.5418319127424499 0.574948891134193 0.058365758754863814 0.058365758754863814
1 0.6208192461043246 0.6156120771693867 0.058365758754863814 0.058365758754863814
1 0.58491010520241 0.7003798874268216 0.058365758754863814 0.058365758754863814
1 0.49249801136391624 0.6610672921959861 0.058365758754863814 0.058365758754863814
1 0.4075627261218377 0.6214197469958638 0.058365758754863814 0.058365758754863814