0 0.5405865826835062 0.2705588819009525 0.058365758754863814 0.058365758754863814
1 0.6307891289400044 0.3107196429822157 0.058365758754863814 0.058365758754863814
1 0.7128341757343025 0.3527442107489777 0.058365758754863814 0.058365758754863814
1 0.5920771085439448 0.40259570290628216 0.058365758754863814 0.058365758754863814
1 0.6791012939065055 0.4461077955875626 0.058365758754863814 0.058365758754863814
1 0.501273987452671 0.3629709757394466 0.058365758754863814 0.058365758754863814
1 0.4549977995065606 0.45045075853280814 0.058365758754863814 0.058365758754863814
1 0.5535856419412737 0.4929669723212492 0.058365758754863814 0.058365758754863814
1 0.6362510578699844 0.5329818282773302 0.058365758754863814 0.058365758754863814
1 0.5998287010869292 0.6230168995491844 0.058365758754863814 0.058365758754863814
1 0.5014686553682315 0.5847199451534206 0.058365758754863814 0.058365758754863814
1 0.41500451340994127 0.544391709087514 0.058365758754863814 0.058365758754863814
1 0.3741630614628941 0.6361231120602236 0.058365758754863814 0.058365758754863814
1 0.46436560771939217 0.6762838731414866 0.058365758754863814 0.058365758754863814
1 0.5574583924236701 0.7140676116561102 0.058365758754863814 0.058365758754863814