0 0.584558735406072 0.3729933870388113 0.058365758754863814 0.058365758754863814
0 0.5347227791830422 0.5591573718555176 0.058365758754863814 0.058365758754863814
0 0.6204384015619353 0.5825095796815813 0.058365758754863814 0.058365758754863814
1 0.5190241522618815 0.2546968543885983 0.058365758754863814 0.058365758754863814
1 0.6984978509435434 0.28771237683877365 0.058365758754863814 0.058365758754863814
1 0.4880802131082195 0.34393159431117476 0.058365758754863814 0.058365758754863814
1 0.6071754173070322 0.2665902643910577 0.058365758754863814 0.058365758754863814
1 0.6723620514989 0.38652376815892886 0.058365758754863814 0.058365758754863814
1 0.6505440411465393 0.4811201440307557 0.058365758754863814 0.058365758754863814
1 0.4648704069465689 0.4450758546536327 0.058365758754863814 0.058365758754863814
1 0.5605106296753634 0.4619829516530202 0.058365758754863814 0.058365758754863814
1 0.4394305054065705 0.5406133037384724 0.058365758754863814 0.058365758754863814
1 0.604227202467193 0.6748758601750602 0.058365758754863814 0.058365758754863814
1 0.5076459065253858 0.6543468719880348 0.058365758754863814 0.058365758754863814
1 0.4170193707935194 0.6299508173050036 0.058365758754863814 0.058365758754863814