0 0.505052923181384 0.308877349438909 0.058365758754863814 0.058365758754863814
1 0.47325562468352533 0.7155480618062604 0.058365758754863814 0.058365758754863814
1 0.39464860907047566 0.6890141678078442 0.058365758754863814 0.058365758754863814
1 0.28994404848545235 0.6570260036887701 0.058365758754863814 0.058365758754863814
1 0.3280103236401627 0.5648251002768759 0.058365758754863814 0.058365758754863814
1 0.5100735492599933 0.6134619982078717 0.058365758754863814 0.058365758754863814
1 0.5335031376268367 0.5230907287929049 0.058365758754863814 0.058365758754863814
1 0.4541319342482896 0.4995100674116068 0.058365758754863814 0.058365758754863814
1 0.35824664997844524 0.46753523540454134 0.058365758754863814 0.058365758754863814
1 0.5653004361246953 0.43271945937793793 0.058365758754863814 0.058365758754863814
1 0.4782762507621345 0.40594278695868824 0.058365758754863814 0.058365758754863814
1 0.389803879122731 0.3770179509345385 0.058365758754863814 0.058365758754863814
1 0.4177362378507141 0.28145430132469185 0.058365758754863814 0.058365758754863814
1 0.41803841472516007 0.6017222247254002 0.058365758754863814 0.058365758754863814
1 0.598771276648757 0.3373275638843615 0.058365758754863814 0.058365758754863814