0 0.5954241925963509 0.5080288505570769 0.058365758754863814 0.058365758754863814
1 0.4709641677816323 0.3614123995289276 0.058365758754863814 0.058365758754863814
1 0.5456560036333117 0.3073884820796386 0.058365758754863814 0.058365758754863814
1 0.5335031376268367 0.436066543430344 0.058365758754863814 0.058365758754863814
1 0.6054654447535694 0.3741454884608298 0.058365758754863814 0.058365758754863814
1 0.4587218023581898 0.5005328442458337 0.058365758754863814 0.058365758754863814
1 0.5242672302496589 0.5788154221699926 0.058365758754863814 0.058365758754863814
1 0.3979462335043862 0.436066543430344 0.058365758754863814 0.058365758754863814
1 0.671480888804407 0.4574507057929948 0.058365758754863814 0.058365758754863814
1 0.7351673207557626 0.5307783303138085 0.058365758754863814 0.058365758754863814
1 0.6563899582223564 0.6010313193039988 0.058365758754863814 0.058365758754863814
1 0.5812033377614296 0.6597627978520091 0.058365758754863814 0.058365758754863814
1 0.6443949851035377 0.7377979834715441 0.058365758754863814 0.058365758754863814
1 0.7211295842960803 0.6756595302518046 0.058365758754863814 0.058365758754863814
1 0.7970583816708785 0.609866710055712 0.058365758754863814 0.058365758754863814