0 0.5958994635181069 0.3336395724278269 0.058365758754863814 0.058365758754863814
1 0.5014237152278408 0.33540064969194083 0.058365758754863814 0.058365758754863814
1 0.6991837982209427 0.31724505956992455 0.058365758754863814 0.058365758754863814
1 0.707551508351958 0.4143104970897038 0.058365758754863814 0.058365758754863814
1 0.6088125288059758 0.42769883329932856 0.058365758754863814 0.058365758754863814
1 0.5202951112872687 0.4393822992850567 0.058365758754863814 0.058365758754863814
1 0.5201148014172118 0.5348055229763264 0.058365758754863814 0.058365758754863814
1 0.6171802389369913 0.5247642708191079 0.058365758754863814 0.058365758754863814
1 0.7142456764567704 0.5163965606880924 0.058365758754863814 0.058365758754863814
1 0.7347388182836475 0.6125613947169548 0.058365758754863814 0.058365758754863814
1 0.6288950331204127 0.6218297083388873 0.058365758754863814 0.058365758754863814
1 0.5318295956006336 0.6402386706271213 0.058365758754863814 0.058365758754863814
1 0.5442467368551352 0.7416416345705735 0.058365758754863814 0.058365758754863814
1 0.6372627432514283 0.7306099400420882 0.058365758754863814 0.058365758754863814
1 0.7443694329284262 0.7122009777538542 0.058365758754863814 0.058365758754863814