0 0.3711695610851366 0.3942279927752667 0.058365758754863814 0.058365758754863814
0 0.5234618854696181 0.5281113548715141 0.058365758754863814 0.058365758754863814
0 0.6523246214872561 0.3942279927752667 0.058365758754863814 0.058365758754863814
1 0.44480541023807263 0.33063339577954937 0.058365758754863814 0.058365758754863814
1 0.5100735492599933 0.26034463067901936 0.058365758754863814 0.058365758754863814
1 0.5887300244915386 0.32561276970094 0.058365758754863814 0.058365758754863814
1 0.5134206333123994 0.3959015348014698 0.058365758754863814 0.058365758754863814
1 0.448152494290479 0.47455801003301507 0.058365758754863814 0.058365758754863814
1 0.5870564824653355 0.4678638419282028 0.058365758754863814 0.058365758754863814
1 0.5937506505701479 0.6101149141554656 0.058365758754863814 0.058365758754863814
1 0.6573104839543166 0.5423918204766638 0.058365758754863814 0.058365758754863814
1 0.7309810967188014 0.471210925980609 0.058365758754863814 0.058365758754863814
1 0.6536611390495463 0.6808034078689561 0.058365758754863814 0.058365758754863814
1 0.7262046501878513 0.6040023694521716 0.058365758754863814 0.058365758754863814
1 0.8012698618193312 0.5331319809501234 0.058365758754863814 0.058365758754863814