0 0.6785176193135719 0.3199656871477784 0.058365758754863814 0.058365758754863814
0 0.6063655620537985 0.43116794284558463 0.058365758754863814 0.058365758754863814
0 0.5197476825566979 0.5468869347436162 0.058365758754863814 0.058365758754863814
0 0.7194837789880465 0.5131767661787365 0.058365758754863814 0.058365758754863814
1 0.4704366572094083 0.2581206167791235 0.058365758754863814 0.058365758754863814
1 0.5657187292520643 0.2395996581601897 0.058365758754863814 0.058365758754863814
1 0.6707335837754901 0.22854733218116077 0.058365758754863814 0.058365758754863814
1 0.5870564824653355 0.33565402185815846 0.058365758754863814 0.058365758754863814
1 0.4916645869717593 0.3540629841463925 0.058365758754863814 0.058365758754863814
1 0.5094406956655791 0.45000822833725884 0.058365758754863814 0.058365758754863814
1 0.7003241666236321 0.4146091054449541 0.058365758754863814 0.058365758754863814
1 0.6169918758176576 0.5296894435975052 0.058365758754863814 0.058365758754863814
1 0.5342982387571632 0.6480553704411824 0.058365758754863814 0.058365758754863814
1 0.6272527027269141 0.6351014486044182 0.058365758754863814 0.058365758754863814
1 0.7248623828424758 0.6110134532033145 0.058365758754863814 0.058365758754863814