0 0.44166235153752464 0.5133077261729838 0.058365758754863814 0.058365758754863814
0 0.6840078892575131 0.6235467516774301 0.058365758754863814 0.058365758754863814
1 0.3956057332599905 0.42528155995010103 0.058365758754863814 0.058365758754863814
1 0.48500735557978414 0.3827051478579547 0.058365758754863814 0.058365758754863814
1 0.5735338251096991 0.35013177792703176 0.058365758754863814 0.058365758754863814
1 0.5283757885755888 0.482255671137285 0.058365758754863814 0.058365758754863814
1 0.6148806399032474 0.43438602036790064 0.058365758754863814 0.058365758754863814
1 0.6533934106167538 0.5318317935587541 0.058365758754863814 0.058365758754863814
1 0.7314399636319581 0.7150531240857004 0.058365758754863814 0.058365758754863814
1 0.6424759177071039 0.7526280150972352 0.058365758754863814 0.058365758754863814
1 0.5598888489597725 0.794120688689097 0.058365758754863814 0.058365758754863814
1 0.5213760782462661 0.6966749154982435 0.058365758754863814 0.058365758754863814
1 0.4782162309608672 0.6139419879525987 0.058365758754863814 0.058365758754863814
1 0.60852709167927 0.6606213393819329 0.058365758754863814 0.058365758754863814
1 0.5676178532806608 0.5713655758604524 0.058365758754863814 0.058365758754863814