1 0.4055987497586208 0.3578628899489348 0.058365758754863814 0.058365758754863814
1 0.5071504862660793 0.3472983295582952 0.058365758754863814 0.058365758754863814
1 0.5971778657170899 0.33942195444938505 0.058365758754863814 0.058365758754863814
1 0.4293548408992451 0.4565805823763507 0.058365758754863814 0.058365758754863814
1 0.5175691878584056 0.4471828923722164 0.058365758754863814 0.058365758754863814
1 0.6118687943984623 0.43053307240068067 0.058365758754863814 0.058365758754863814
1 0.6207661810955645 0.5322306677064522 0.058365758754863814 0.058365758754863814
1 0.5284881927577637 0.5335842068395265 0.058365758754863814 0.058365758754863814
1 0.4372312160081553 0.5466079618273614 0.058365758754863814 0.058365758754863814
1 0.44127294042295895 0.6504103072216098 0.058365758754863814 0.058365758754863814
1 0.5326757759708808 0.6390537259273119 0.058365758754863814 0.058365758754863814
1 0.6239327527204894 0.6260299709394769 0.058365758754863814 0.058365758754863814
1 0.6350807483043815 0.7342504022210842 0.058365758754863814 0.058365758754863814
1 0.5396142713778196 0.7375628326443221 0.058365758754863814 0.058365758754863814
1 0.4529212393138831 0.7451474901566059 0.058365758754863814 0.058365758754863814