0 0.524795483601058 0.4492180415655346 0.058365758754863814 0.058365758754863814
0 0.6138435213257388 0.7001252940999005 0.058365758754863814 0.058365758754863814
1 0.5561225930348795 0.3549395697833592 0.058365758754863814 0.058365758754863814
1 0.6488530860854389 0.38967365388890973 0.058365758754863814 0.058365758754863814
1 0.7337800605740445 0.43072690272867137 0.058365758754863814 0.058365758754863814
1 0.6073686775403031 0.4900238981006725 0.058365758754863814 0.058365758754863814
1 0.7018945416271022 0.518997226985133 0.058365758754863814 0.058365758754863814
1 0.6585511371418535 0.6143925177935502 0.058365758754863814 0.058365758754863814
1 0.5809684331603013 0.7978107405538052 0.058365758754863814 0.058365758754863814
1 0.4921396993907189 0.7599170740811491 0.058365758754863814 0.058365758754863814
1 0.4049225692566257 0.7293321415611991 0.058365758754863814 0.058365758754863814
1 0.44826597374187455 0.6339368507527818 0.058365758754863814 0.058365758754863814
1 0.47779771213945615 0.5454191341916963 0.058365758754863814 0.058365758754863814
1 0.5347409269620964 0.6715831249208142 0.058365758754863814 0.058365758754863814
1 0.5705282051900155 0.5801532182972469 0.058365758754863814 0.058365758754863814