1 0.5602798100460861 0.24862983649559772 0.058365758754863814 0.058365758754863814
1 0.6573452475658652 0.2653652567576287 0.058365758754863814 0.058365758754863814
1 0.7493900590070354 0.2904683871506751 0.058365758754863814 0.058365758754863814
1 0.725960470640192 0.3925544507490637 0.058365758754863814 0.058365758754863814
1 0.6372627432514283 0.36075715225120486 0.058365758754863814 0.058365758754863814
1 0.5435443897840552 0.3406746479367678 0.058365758754863814 0.058365758754863814
1 0.5167677173648056 0.43271945937793793 0.058365758754863814 0.058365758754863814
1 0.615506696910788 0.4578225897709842 0.058365758754863814 0.058365758754863814
1 0.6991837982209427 0.47455801003301507 0.058365758754863814 0.058365758754863814
1 0.5017058391289778 0.5281113548715141 0.058365758754863814 0.058365758754863814
1 0.5904035665177415 0.5515409432383573 0.058365758754863814 0.058365758754863814
1 0.6740806678278962 0.5766440736314038 0.058365758754863814 0.058365758754863814
1 0.6523246214872561 0.673709511151183 0.058365758754863814 0.058365758754863814
1 0.5602798100460861 0.6469328387319336 0.058365758754863814 0.058365758754863814
1 0.4615408305001036 0.6268503344174965 0.058365758754863814 0.058365758754863814