1 0.4454546186890806 0.31180536588394225 0.058365758754863814 0.058365758754863814
1 0.5430613876241471 0.3417600613753716 0.058365758754863814 0.058365758754863814
1 0.6290095722871163 0.3696863194278331 0.058365758754863814 0.058365758754863814
1 0.41300811174021407 0.3992486188538761 0.058365758754863814 0.058365758754863814
1 0.513623845059615 0.4377751972611238 0.058365758754863814 0.058365758754863814
1 0.6069326935050142 0.4592947488477063 0.058365758754863814 0.058365758754863814
1 0.5753863649642704 0.5563843648558757 0.058365758754863814 0.058365758754863814
1 0.4899151589595765 0.5215744216792595 0.058365758754863814 0.058365758754863814
1 0.4008238824666008 0.4979059098478431 0.058365758754863814 0.058365758754863814
1 0.36398550185101675 0.5950357001246338 0.058365758754863814 0.058365758754863814
1 0.4525596254170952 0.6202958450053648 0.058365758754863814 0.058365758754863814
1 0.5416509019100713 0.6439643568367811 0.058365758754863814 0.058365758754863814
1 0.5096275947110519 0.7479376579691045 0.058365758754863814 0.058365758754863814
1 0.4204559696808321 0.7136850419880076 0.058365758754863814 0.058365758754863814
1 0.3376910511164912 0.6867930897893407 0.058365758754863814 0.058365758754863814