1 0.35945476690171496 0.24695629446939468 0.058365758754863814 0.058365758754863814
1 0.4632143725263066 0.23858858433837923 0.058365758754863814 0.058365758754863814
1 0.5636268940984922 0.2302208742073638 0.058365758754863814 0.058365758754863814
1 0.5719946042295077 0.3289598537533461 0.058365758754863814 0.058365758754863814
1 0.4749291667097284 0.3373275638843615 0.058365758754863814 0.058365758754863814
1 0.3795372712161521 0.3406746479367678 0.058365758754863814 0.058365758754863814
1 0.38455789729476136 0.4394136274827502 0.058365758754863814 0.058365758754863814
1 0.4849704188669469 0.43439300140414094 0.058365758754863814 0.058365758754863814
1 0.5753416882819137 0.43104591735173464 0.058365758754863814 0.058365758754863814
1 0.57868877233432 0.5297848968977171 0.058365758754863814 0.058365758754863814
1 0.48162333481454056 0.5414996910811389 0.058365758754863814 0.058365758754863814
1 0.38790498134716744 0.546520317159748 0.058365758754863814 0.058365758754863814
1 0.3929256074257768 0.6435857546795274 0.058365758754863814 0.058365758754863814
1 0.49333812899796237 0.6301974184699026 0.058365758754863814 0.058365758754863814
1 0.5920771085439446 0.6285238764436996 0.058365758754863814 0.058365758754863814