0 0.69065925615117 0.3550042013219463 0.058365758754863814 0.058365758754863814
1 0.6831957636681609 0.7562122879221359 0.058365758754863814 0.058365758754863814
1 0.5985046838742407 0.7326198938924287 0.058365758754863814 0.058365758754863814
1 0.49182379680587485 0.7080134722647684 0.058365758754863814 0.058365758754863814
1 0.5233657345294761 0.6133817964962184 0.058365758754863814 0.058365758754863814
1 0.7075460054609124 0.666028928311411 0.058365758754863814 0.058365758754863814
1 0.7268931167702611 0.5682413208337951 0.058365758754863814 0.058365758754863814
1 0.6446239728578488 0.5394280689493343 0.058365758754863814 0.058365758754863814
1 0.5467418087919345 0.5142197453406062 0.058365758754863814 0.058365758754863814
1 0.7575631426505216 0.467353765213828 0.058365758754863814 0.058365758754863814
1 0.6726849231565611 0.4417219280514832 0.058365758754863814 0.058365758754863814
1 0.5719079995345644 0.4217216353999486 0.058365758754863814 0.058365758754863814
1 0.5931061332256594 0.32444231118931904 0.058365758754863814 0.058365758754863814
1 0.6157483350022136 0.6439089992320247 0.058365758754863814 0.058365758754863814
1 0.7861515547855045 0.3797971950634683 0.058365758754863814 0.058365758754863814