0 0.37497174179088893 0.34851537775040387 0.058365758754863814 0.058365758754863814
1 0.46445964783746535 0.3067864818486302 0.058365758754863814 0.058365758754863814
1 0.5500023854691097 0.27243689614595534 0.058365758754863814 0.058365758754863814
1 0.5009310418063321 0.39687945199111774 0.058365758754863814 0.058365758754863814
1 0.5950713856899044 0.34928799006052613 0.058365758754863814 0.058365758754863814
1 0.4189246512850074 0.4388127585451973 0.058365758754863814 0.058365758754863814
1 0.454586570505657 0.5311297422800296 0.058365758754863814 0.058365758754863814
1 0.5425577323819526 0.49010811580032 0.058365758754863814 0.058365758754863814
1 0.6357863961911551 0.4484814252246993 0.058365758754863814 0.058365758754863814
1 0.6798415110114264 0.535038048256867 0.058365758754863814 0.058365758754863814
1 0.5864084365499181 0.5841462543577393 0.058365758754863814 0.058365758754863814
1 0.49924674942183966 0.6229438672451039 0.058365758754863814 0.058365758754863814
1 0.5416829147456773 0.7139485174619612 0.058365758754863814 0.058365758754863814
1 0.6311708207922536 0.6722196215601878 0.058365758754863814 0.058365758754863814
1 0.7207609321649832 0.6267499678957883 0.058365758754863814 0.058365758754863814