0 0.5117470912861963 0.3507159000939864 0.058365758754863814 0.058365758754863814
1 0.5335031376268367 0.2653652567576287 0.058365758754863814 0.058365758754863814
1 0.6222008650156003 0.2938154712030812 0.058365758754863814 0.058365758754863814
1 0.7240047722909903 0.3168966328482979 0.058365758754863814 0.058365758754863814
1 0.6908160880899271 0.4109634130372977 0.058365758754863814 0.058365758754863814
1 0.60044481867496 0.38083965656564195 0.058365758754863814 0.058365758754863814
1 0.4865318941272317 0.45254497099065205 0.058365758754863814 0.058365758754863814
1 0.5682856474678789 0.4827896290140974 0.058365758754863814 0.058365758754863814
1 0.6657129576968808 0.5097023925832802 0.058365758754863814 0.058365758754863814
1 0.45410580881532286 0.552881895190134 0.058365758754863814 0.058365758754863814
1 0.5385237637054457 0.5799911576838099 0.058365758754863814 0.058365758754863814
1 0.6389362852776314 0.60174720402445 0.058365758754863814 0.058365758754863814
1 0.6160436218609048 0.6986417536779304 0.058365758754863814 0.058365758754863814
1 0.5141062814624608 0.6657263720308954 0.058365758754863814 0.058365758754863814
1 0.4239936779854608 0.6399261934627934 0.058365758754863814 0.058365758754863814