0 0.5039393819801753 0.2339819359670012 0.058365758754863814 0.058365758754863814
1 0.5602798100460861 0.14319668884480305 0.058365758754863814 0.058365758754863814
1 0.6422833693300376 0.20511774381431738 0.058365758754863814 0.058365758754863814
1 0.7187501816651672 0.265932381996668 0.058365758754863814 0.058365758754863814
1 0.6589791923833205 0.35081281302346073 0.058365758754863814 0.058365758754863814
1 0.5874832629172856 0.29274576251560247 0.058365758754863814 0.058365758754863814
1 0.44920420636455544 0.31217961654538223 0.058365758754863814 0.058365758754863814
1 0.5156833228282984 0.3685617289431868 0.058365758754863814 0.058365758754863814
1 0.597212878298918 0.42999865567115253 0.058365758754863814 0.058365758754863814
1 0.3844164040804169 0.39537510946212095 0.058365758754863814 0.058365758754863814
1 0.4612775345691156 0.44910312234449556 0.058365758754863814 0.058365758754863814
1 0.5367831143041976 0.5101916610520898 0.058365758754863814 0.058365758754863814
1 0.48673536433443293 0.5877305669175971 0.058365758754863814 0.058365758754863814
1 0.4046404016091986 0.5264378128453111 0.058365758754863814 0.058365758754863814
1 0.3276574684038563 0.47288446800681205 0.058365758754863814 0.058365758754863814