0 0.4890872014762856 0.3281166126184459 0.058365758754863814 0.058365758754863814
0 0.499218225613495 0.5205692408816883 0.058365758754863814 0.058365758754863814
0 0.5879548558996653 0.5162909263060415 0.058365758754863814 0.058365758754863814
1 0.39020447016977 0.23586122429717102 0.058365758754863814 0.058365758754863814
1 0.5710964583198292 0.2118004291263372 0.058365758754863814 0.058365758754863814
1 0.3883500863225437 0.3302907082518267 0.058365758754863814 0.058365758754863814
1 0.47771657102245074 0.21993229040637852 0.058365758754863814 0.058365758754863814
1 0.5767742351051791 0.3138520529155312 0.058365758754863814 0.058365758754863814
1 0.585255961937646 0.41056068858866596 0.058365758754863814 0.058365758754863814
1 0.397531544259862 0.4336568406764731 0.058365758754863814 0.058365758754863814
1 0.49371538160435824 0.42018199128037226 0.058365758754863814 0.058365758754863814
1 0.4028594554927863 0.5323797160899113 0.058365758754863814 0.058365758754863814
1 0.6010798397433406 0.6091460152747815 0.058365758754863814 0.058365758754863814
1 0.5028817626585408 0.6194670490713394 0.058365758754863814 0.058365758754863814
1 0.40915200980873656 0.6242701619756248 0.058365758754863814 0.058365758754863814