0 0.6596964424924873 0.24182217943051404 0.058365758754863814 0.058365758754863814
1 0.5669739781508984 0.2084648278667235 0.058365758754863814 0.058365758754863814
1 0.7527371430594414 0.2837742190458627 0.058365758754863814 0.058365758754863814
1 0.7259724988209465 0.37129779873124397 0.058365758754863814 0.058365758754863814
1 0.6338953549517398 0.3394620120968242 0.058365758754863814 0.058365758754863814
1 0.5453891403960971 0.30372034617955307 0.058365758754863814 0.058365758754863814
1 0.5098149494634696 0.39596496503340334 0.058365758754863814 0.058365758754863814
1 0.5954241925963509 0.43104591735173464 0.058365758754863814 0.058365758754863814
1 0.6875080694405388 0.4659194401517338 0.058365758754863814 0.058365758754863814
1 0.6473039954086468 0.5582351113431697 0.058365758754863814 0.058365758754863814
1 0.5552591839674768 0.5297848968977171 0.058365758754863814 0.058365758754863814
1 0.46930844748570955 0.49517317660252874 0.058365758754863814 0.058365758754863814
1 0.43141707402844803 0.5766440736314038 0.058365758754863814 0.058365758754863814
1 0.5251354274958212 0.6151355402340749 0.058365758754863814 0.058365758754863814
1 0.6272214910942097 0.6469328387319336 0.058365758754863814 0.058365758754863814