0 0.4951681462895214 0.4770912491315012 0.058365758754863814 0.058365758754863814
1 0.4649575123487579 0.2571901136137119 0.058365758754863814 0.058365758754863814
1 0.5620266337797252 0.28884371986241425 0.058365758754863814 0.058365758754863814
1 0.6474743477120669 0.31826572726179564 0.058365758754863814 0.058365758754863814
1 0.4465076786715023 0.35703568588287754 0.058365758754863814 0.058365758754863814
1 0.5309178795199004 0.3843304762205605 0.058365758754863814 0.058365758754863814
1 0.6238369486150928 0.40747521422246813 0.058365758754863814 0.058365758754863814
1 0.5906009772935693 0.5039994836645579 0.058365758754863814 0.058365758754863814
1 0.41292038065207803 0.4486076638835201 0.058365758754863814 0.058365758754863814
1 0.3785577527432568 0.538955478363498 0.058365758754863814 0.058365758754863814
1 0.4715820826573223 0.5699499055265915 0.058365758754863814 0.058365758754863814
1 0.5636268940984922 0.60174720402445 0.058365758754863814 0.058365758754863814
1 0.5368502216792428 0.6937920154656202 0.058365758754863814 0.058365758754863814
1 0.44480541023807263 0.6670153430463708 0.058365758754863814 0.058365758754863814
1 0.35066591952288545 0.630239991492058 0.058365758754863814 0.058365758754863814