0 0.6104860708321789 0.6971390995180263 0.058365758754863814 0.058365758754863814
1 0.4306353649576158 0.33862497065958974 0.058365758754863814 0.058365758754863814
1 0.6225963247736795 0.30090460698576627 0.058365758754863814 0.058365758754863814
1 0.6406098273038343 0.38753382467045433 0.058365758754863814 0.058365758754863814
1 0.5485650158626646 0.41263695506350073 0.058365758754863814 0.058365758754863814
1 0.4584975475600222 0.4405661881428409 0.058365758754863814 0.058365758754863814
1 0.46656145657871295 0.5281113548715141 0.058365758754863814 0.058365758754863814
1 0.5632021072140534 0.5123376238807429 0.058365758754863814 0.058365758754863814
1 0.6602227164624076 0.49332199480670635 0.058365758754863814 0.058365758754863814
1 0.681676273969291 0.5862852097848347 0.058365758754863814 0.058365758754863814
1 0.588308192531818 0.6061149366159498 0.058365758754863814 0.058365758754863814
1 0.49290704912084293 0.6316258883930588 0.058365758754863814 0.058365758754863814
1 0.5084000072337902 0.7172216038324635 0.058365758754863814 0.058365758754863814
1 0.7027162353400512 0.6914249724120293 0.058365758754863814 0.058365758754863814
1 0.524765982606636 0.3166725747082666 0.058365758754863814 0.058365758754863814