0 0.5602904881375014 0.2582380527243599 0.058365758754863814 0.058365758754863814
0 0.5128353754457258 0.3820115285522156 0.058365758754863814 0.058365758754863814
0 0.452169635700233 0.513210652617901 0.058365758754863814 0.058365758754863814
0 0.6405322810604168 0.4387096625894511 0.058365758754863814 0.058365758754863814
1 0.34389828114784127 0.24100691018410952 0.058365758754863814 0.058365758754863814
1 0.4332474874872829 0.20308042224470105 0.058365758754863814 0.058365758754863814
1 0.5263316059063501 0.16538662793392428 0.058365758754863814 0.058365758754863814
1 0.4665524647539617 0.2943913434775602 0.058365758754863814 0.058365758754863814
1 0.3787437619720966 0.33166392645249626 0.058365758754863814 0.058365758754863814
1 0.4219456655487075 0.4205919214560967 0.058365758754863814 0.058365758754863814
1 0.6012979831920632 0.34627944913485625 0.058365758754863814 0.058365758754863814
1 0.5437132505617239 0.47617076327159646 0.058365758754863814 0.058365758754863814
1 0.4874363278603294 0.6091430845234899 0.058365758754863814 0.058365758754863814
1 0.5756662419780355 0.5771459171857564 0.058365758754863814 0.058365758754863814
1 0.6661347405392126 0.533290108644673 0.058365758754863814 0.058365758754863814