0 0.7249396378310698 0.3155187274933573 0.058365758754863814 0.058365758754863814
0 0.5996200960130678 0.3587260587882196 0.058365758754863814 0.058365758754863814
0 0.46012055023960124 0.3965865773196326 0.058365758754863814 0.058365758754863814
0 0.6339156591990222 0.49464051434745226 0.058365758754863814 0.058365758754863814
1 0.599045229336941 0.13867671486906086 0.058365758754863814 0.058365758754863814
1 0.6855311674402629 0.1827435013561034 0.058365758754863814 0.058365758754863814
1 0.7742396070904745 0.22982096906861835 0.058365758754863814 0.058365758754863814
1 0.6369909703616695 0.26695012291699194 0.058365758754863814 0.058365758754863814
1 0.5519961691221977 0.22364310861076075 0.058365758754863814 0.058365758754863814
1 0.5116430210458954 0.3138995001203661 0.058365758754863814 0.058365758754863814
1 0.6838551250717283 0.4035242099583014 0.058365758754863814 0.058365758754863814
1 0.5473378530259624 0.4429042728513367 0.058365758754863814 0.058365758754863814
1 0.4093010366185744 0.4852666094720724 0.058365758754863814 0.058365758754863814
1 0.4905253844517621 0.5322872621890438 0.058365758754863814 0.058365758754863814
1 0.5837093984129293 0.581664699710013 0.058365758754863814 0.058365758754863814