0 0.40414175359175103 0.2719711393185021 0.058365758754863814 0.058365758754863814
0 0.5374621022341599 0.43171082709627595 0.058365758754863814 0.058365758754863814
0 0.5304162285370099 0.5641457966489685 0.058365758754863814 0.058365758754863814
1 0.33552256653347634 0.3382359179970649 0.058365758754863814 0.058365758754863814
1 0.47512732601382984 0.20574766605010977 0.058365758754863814 0.058365758754863814
1 0.3982171144612477 0.40797633962198593 0.058365758754863814 0.058365758754863814
1 0.4726490014036067 0.34773078787835954 0.058365758754863814 0.058365758754863814
1 0.5460009591894899 0.28154862002013775 0.058365758754863814 0.058365758754863814
1 0.6108966708403836 0.3607958885104458 0.058365758754863814 0.058365758754863814
1 0.463071520701971 0.48958999347609833 0.058365758754863814 0.058365758754863814
1 0.6038094917330632 0.49559724342694245 0.058365758754863814 0.058365758754863814
1 0.6711009171738392 0.4375941608166092 0.058365758754863814 0.058365758754863814
1 0.7362444612857556 0.5026431171240924 0.058365758754863814 0.058365758754863814
1 0.6590187895920683 0.5766440736314038 0.058365758754863814 0.058365758754863814
1 0.5965983963952318 0.6374977544348516 0.058365758754863814 0.058365758754863814