0 0.5398025037390722 0.3478147005938464 0.058365758754863814 0.058365758754863814
1 0.5630448106456668 0.26285675193707914 0.058365758754863814 0.058365758754863814
1 0.6512325042352023 0.29285062206552215 0.058365758754863814 0.058365758754863814
1 0.7526180844683388 0.31770499150469783 0.058365758754863814 0.058365758754863814
1 0.7177927633845275 0.4111782224616564 0.058365758754863814 0.058365758754863814
1 0.6279609899929764 0.3794818578599358 0.058365758754863814 0.058365758754863814
1 0.5128139846443479 0.44918819656057984 0.058365758754863814 0.058365758754863814
1 0.5940274444279963 0.4808550479071894 0.058365758754863814 0.058365758754863814
1 0.6909702235175906 0.5094640535483336 0.058365758754863814 0.058365758754863814
1 0.478641717200495 0.5489439257404799 0.058365758754863814 0.058365758754863814
1 0.5625736929599461 0.5775223558215182 0.058365758754863814 0.058365758754863814
1 0.662591225855532 0.6010275287487931 0.058365758754863814 0.058365758754863814
1 0.6380110060402168 0.6975077888266612 0.058365758754863814 0.058365758754863814
1 0.5366636438110024 0.6628183684559109 0.058365758754863814 0.058365758754863814
1 0.4470150401225071 0.6354494375989685 0.058365758754863814 0.058365758754863814