0 0.6707335837754901 0.3205921436223306 0.058365758754863814 0.058365758754863814
0 0.6339213568671056 0.5285578395893984 0.058365758754863814 0.058365758754863814
0 0.5239137747681164 0.6026321089230406 0.058365758754863814 0.058365758754863814
1 0.5870434922191576 0.31102715091269234 0.058365758754863814 0.058365758754863814
1 0.7768695564468934 0.34278704879248295 0.058365758754863814 0.058365758754863814
1 0.5690768358364844 0.4030680766290079 0.058365758754863814 0.058365758754863814
1 0.6539981635134592 0.42267820722071925 0.058365758754863814 0.058365758754863814
1 0.7544106850856448 0.4394136274827502 0.058365758754863814 0.058365758754863814
1 0.7347505716204876 0.5445276183364753 0.058365758754863814 0.058365758754863814
1 0.5429276297571556 0.5039794314196181 0.058365758754863814 0.058365758754863814
1 0.6228282519231306 0.619993025965303 0.058365758754863814 0.058365758754863814
1 0.7096485641475242 0.6388272213399788 0.058365758754863814 0.058365758754863814
1 0.6969025212567729 0.7300006080642918 0.058365758754863814 0.058365758754863814
1 0.5974644447985759 0.715945566915583 0.058365758754863814 0.058365758754863814
1 0.505161719430669 0.6996318484796865 0.058365758754863814 0.058365758754863814