0 0.5468914738364612 0.2821006770196597 0.058365758754863814 0.058365758754863814
1 0.46457301119961014 0.2594441738673082 0.058365758754863814 0.058365758754863814
1 0.6489775374348498 0.29214192917687815 0.058365758754863814 0.058365758754863814
1 0.6322421171728189 0.3975750768276728 0.058365758754863814 0.058365758754863814
1 0.5368502216792428 0.3758190304870328 0.058365758754863814 0.058365758754863814
1 0.45637741082009015 0.3549390370306958 0.058365758754863814 0.058365758754863814
1 0.41635519579262015 0.45447550571857814 0.058365758754863814 0.058365758754863814
1 0.5117470912861963 0.47623155205921824 0.058365758754863814 0.058365758754863814
1 0.615506696910788 0.4929669723212492 0.058365758754863814 0.058365758754863814
1 0.5954241925963509 0.5900324098410284 0.058365758754863814 0.058365758754863814
1 0.49333812899796237 0.5699499055265915 0.058365758754863814 0.058365758754863814
1 0.40419604259438535 0.5542367111786566 0.058365758754863814 0.058365758754863814
1 0.3806181037539551 0.6485287397238328 0.058365758754863814 0.058365758754863814
1 0.48055744637268644 0.6650831902397051 0.058365758754863814 0.058365758754863814
1 0.5754712984465723 0.6923512578131854 0.058365758754863814 0.058365758754863814