0 0.5699413898528263 0.3009072817184337 0.058365758754863814 0.058365758754863814
1 0.48228789731132155 0.26561374614303124 0.058365758754863814 0.058365758754863814
1 0.6673864997230838 0.32561276970094 0.058365758754863814 0.058365758754863814
1 0.6456304533824437 0.41598403911590703 0.058365758754863814 0.058365758754863814
1 0.5435443897840552 0.3892073666966574 0.058365758754863814 0.058365758754863814
1 0.4590302416877538 0.36870300114195337 0.058365758754863814 0.058365758754863814
1 0.42833251428341573 0.46268301125161493 0.058365758754863814 0.058365758754863814
1 0.5184412593910087 0.48794634624264 0.058365758754863814 0.058365758754863814
1 0.615506696910788 0.5113759346094833 0.058365758754863814 0.058365758754863814
1 0.5954241925963509 0.60174720402445 0.058365758754863814 0.058365758754863814
1 0.4945596469674611 0.5850947600909916 0.058365758754863814 0.058365758754863814
1 0.39307368167845247 0.5638752079297867 0.058365758754863814 0.058365758754863814
1 0.36297569809852287 0.6562928319608647 0.058365758754863814 0.058365758754863814
1 0.4615168134088097 0.6797783727966928 0.058365758754863814 0.058365758754863814
1 0.5686475201771015 0.7055068096490418 0.058365758754863814 0.058365758754863814