0 0.6121596128583818 0.6804036792559954 0.058365758754863814 0.058365758754863814
1 0.44020492042118026 0.272261025406113 0.058365758754863814 0.058365758754863814
1 0.6355892012252249 0.28210067701965946 0.058365758754863814 0.058365758754863814
1 0.6305685751466158 0.38251319859184507 0.058365758754863814 0.058365758754863814
1 0.5318295956006336 0.37749257251323587 0.058365758754863814 0.058365758754863814
1 0.42639644794983866 0.37749257251323587 0.058365758754863814 0.058365758754863814
1 0.4355276130391209 0.47652947966124043 0.058365758754863814 0.058365758754863814
1 0.5268089695220239 0.47288446800681205 0.058365758754863814 0.058365758754863814
1 0.6255479490680065 0.4779050940854213 0.058365758754863814 0.058365758754863814
1 0.6171802389369913 0.5833382417362161 0.058365758754863814 0.058365758754863814
1 0.5284825115482273 0.5699499055265913 0.058365758754863814 0.058365758754863814
1 0.42974353200224474 0.5716234475527944 0.058365758754863814 0.058365758754863814
1 0.4197022798450262 0.6703624270987769 0.058365758754863814 0.058365758754863814
1 0.5368502216792428 0.273732966888644 0.058365758754863814 0.058365758754863814
1 0.5251354274958212 0.67203596912498 0.058365758754863814 0.058365758754863814