0 0.6160737502129902 0.28142056909172936 0.058365758754863814 0.058365758754863814
0 0.6336604654893361 0.4887410713563699 0.058365758754863814 0.058365758754863814
0 0.5519272457622212 0.5931841002746175 0.058365758754863814 0.058365758754863814
1 0.521856287246715 0.2963431492324406 0.058365758754863814 0.058365758754863814
1 0.7122059507776335 0.2678891272462034 0.058365758754863814 0.058365758754863814
1 0.5332111918422814 0.38943127355512175 0.058365758754863814 0.058365758754863814
1 0.6287376530665135 0.3827733831482945 0.058365758754863814 0.058365758754863814
1 0.7267845912295252 0.370633079597954 0.058365758754863814 0.058365758754863814
1 0.7344896802427182 0.472771292609293 0.058365758754863814 0.058365758754863814
1 0.539525142560289 0.4934842241648293 0.058365758754863814 0.058365758754863814
1 0.651365322220418 0.5791290591259087 0.058365758754863814 0.058365758754863814
1 0.7397564323543601 0.5702124914318936 0.058365758754863814 0.058365758754863814
1 0.7558083511386656 0.6608622788530238 0.058365758754863814 0.058365758754863814
1 0.6568938739836515 0.6782231958952859 0.058365758754863814 0.058365758754863814
1 0.5640675493125616 0.6912310384376291 0.058365758754863814 0.058365758754863814