1 0.4993859341933591 0.3148664719365237 0.058365758754863814 0.058365758754863814
1 0.5887373420101305 0.3293059644156513 0.058365758754863814 0.058365758754863814
1 0.6867604863187174 0.3412913724000869 0.058365758754863814 0.058365758754863814
1 0.4850364209161942 0.4193721802204095 0.058365758754863814 0.058365758754863814
1 0.5787661737659985 0.4241752931246949 0.058365758754863814 0.058365758754863814
1 0.6717961955109513 0.43563590278049213 0.058365758754863814 0.058365758754863814
1 0.5666058330053497 0.5238628116211597 0.058365758754863814 0.058365758754863814
1 0.6648039100901493 0.5341838454177175 0.058365758754863814 0.058365758754863814
1 0.6529934348819264 0.6305426155384263 0.058365758754863814 0.058365758754863814
1 0.5564597319850048 0.6203965145180813 0.058365758754863814 0.058365758754863814
1 0.4581937464476975 0.6151355402340749 0.058365758754863814 0.058365758754863814
1 0.4663935161802464 0.5166955934241448 0.058365758754863814 0.058365758754863814
1 0.4461013141395565 0.7097629992179882 0.058365758754863814 0.058365758754863814
1 0.5452179318102581 0.7255893139634789 0.058365758754863814 0.058365758754863814
1 0.6473039954086468 0.7339570240944943 0.058365758754863814 0.058365758754863814