0 0.5340139130790079 0.6799670860603716 0.058365758754863814 0.058365758754863814
1 0.3549623386949661 0.2748876174947659 0.058365758754863814 0.058365758754863814
1 0.5418708477578521 0.2770800509410502 0.058365758754863814 0.058365758754863814
1 0.5435443897840552 0.3791661145394389 0.058365758754863814 0.058365758754863814
1 0.44145832618566655 0.3741454884608298 0.058365758754863814 0.058365758754863814
1 0.34299251305100226 0.38034412840141163 0.058365758754863814 0.058365758754863814
1 0.3538507197754522 0.4792065909443776 0.058365758754863814 0.058365758754863814
1 0.44505455944077 0.4739690551093929 0.058365758754863814 0.058365758754863814
1 0.5438661225688082 0.4772656837200934 0.058365758754863814 0.058365758754863814
1 0.540197305731649 0.5716234475527946 0.058365758754863814 0.058365758754863814
1 0.4484218720450246 0.5709905017572598 0.058365758754863814 0.058365758754863814
1 0.34972713825951113 0.5743870216971455 0.058365758754863814 0.058365758754863814
1 0.34141064823587114 0.6732862068320771 0.058365758754863814 0.058365758754863814
1 0.44480541023807263 0.27205942486244106 0.058365758754863814 0.058365758754863814
1 0.44685694524323316 0.6731194318249598 0.058365758754863814 0.058365758754863814