1 0.3661489350065273 0.2787535929672536 0.058365758754863814 0.058365758754863814
1 0.468234998604916 0.2770800509410502 0.058365758754863814 0.058365758754863814
1 0.5586062680198829 0.2770800509410502 0.058365758754863814 0.058365758754863814
1 0.3812108132423551 0.3791661145394389 0.058365758754863814 0.058365758754863814
1 0.46990854063111903 0.37749257251323587 0.058365758754863814 0.058365758754863814
1 0.5653004361246953 0.3691248623822203 0.058365758754863814 0.058365758754863814
1 0.5653004361246953 0.471210925980609 0.058365758754863814 0.058365758754863814
1 0.4732556246835251 0.4645167578757966 0.058365758754863814 0.058365758754863814
1 0.3812108132423551 0.46953738395440586 0.058365758754863814 0.058365758754863814
1 0.3761901871637459 0.5732969895789976 0.058365758754863814 0.058365758754863814
1 0.468234998604916 0.5699499055265915 0.058365758754863814 0.058365758754863814
1 0.5602798100460861 0.5649292794479821 0.058365758754863814 0.058365758754863814
1 0.5619533520722891 0.6737095111511832 0.058365758754863814 0.058365758754863814
1 0.46656145657871295 0.6686888850725738 0.058365758754863814 0.058365758754863814
1 0.3795372712161521 0.6686888850725738 0.058365758754863814 0.058365758754863814