0 0.6661946793133062 0.5532297395479873 0.058365758754863814 0.058365758754863814
1 0.7002860440788073 0.6425240628489787 0.058365758754863814 0.058365758754863814
1 0.6099897885271534 0.6653995470902817 0.058365758754863814 0.058365758754863814
1 0.5114240265842929 0.6997734635394169 0.058365758754863814 0.058365758754863814
1 0.48972182808839937 0.6024129865758749 0.058365758754863814 0.058365758754863814
1 0.5823241699284019 0.5800699043045425 0.058365758754863814 0.058365758754863814
1 0.6409297812570016 0.45889569575912964 0.058365758754863814 0.058365758754863814
1 0.5555714394560544 0.47656965992202344 0.058365758754863814 0.058365758754863814
1 0.4586868026336443 0.5053749505676429 0.058365758754863814 0.058365758754863814
1 0.6152581921243594 0.3566219509471173 0.058365758754863814 0.058365758754863814
1 0.529301985763818 0.37836669304459647 0.058365758754863814 0.058365758754863814
1 0.43261838994480417 0.41312704891685914 0.058365758754863814 0.058365758754863814
1 0.40068618111072907 0.3188245472011605 0.058365758754863814 0.058365758754863814
1 0.504576443387231 0.29271981351935755 0.058365758754863814 0.058365758754863814
1 0.5946682768494939 0.2668472013018618 0.058365758754863814 0.058365758754863814