0 0.5213487535442104 0.407642737021708 0.058365758754863814 0.058365758754863814
0 0.5971432830383404 0.6628665440925292 0.058365758754863814 0.058365758754863814
1 0.5575670842371568 0.31513300483704826 0.058365758754863814 0.058365758754863814
1 0.6483526518639122 0.3546726261141811 0.058365758754863814 0.058365758754863814
1 0.7310146758506739 0.4001143473238776 0.058365758754863814 0.058365758754863814
1 0.6016731702688792 0.45271421761349884 0.058365758754863814 0.058365758754863814
1 0.6945531430714439 0.4865949410443522 0.058365758754863814 0.058365758754863814
1 0.6462765354501283 0.5795910774015791 0.058365758754863814 0.058365758754863814
1 0.5592007877874899 0.7586975668613757 0.058365758754863814 0.058365758754863814
1 0.4724769919807314 0.716206895617961 0.058365758754863814 0.058365758754863814
1 0.3869800815823503 0.6810992867787303 0.058365758754863814 0.058365758754863814
1 0.4352566892036659 0.5881031504215034 0.058365758754863814 0.058365758754863814
1 0.469380614720803 0.5012523160831234 0.058365758754863814 0.058365758754863814
1 0.5196428777483315 0.6302235810470128 0.058365758754863814 0.058365758754863814
1 0.5601661823475583 0.5407919373602562 0.058365758754863814 0.058365758754863814