0 0.5495786240203163 0.4661780058813871 0.058365758754863814 0.058365758754863814
0 0.583088208482925 0.6559614601777028 0.058365758754863814 0.058365758754863814
0 0.6706420139948674 0.6409007606411729 0.058365758754863814 0.058365758754863814
1 0.44018984599795075 0.3866610487733628 0.058365758754863814 0.058365758754863814
1 0.6168012193897644 0.340734411298022 0.058365758754863814 0.058365758754863814
1 0.44985734365436114 0.4806126622159148 0.058365758754863814 0.058365758754863814
1 0.5251083962069113 0.3601858044693863 0.058365758754863814 0.058365758754863814
1 0.6348736392725599 0.441333410829903 0.058365758754863814 0.058365758754863814
1 0.6550779625304903 0.5362875325177408 0.058365758754863814 0.058365758754863814
1 0.4715675270854243 0.5820893809137218 0.058365758754863814 0.058365758754863814
1 0.5653922536434128 0.5569931098983143 0.058365758754863814 0.058365758754863814
1 0.4888870168816537 0.6794270819406183 0.058365758754863814 0.058365758754863814
1 0.6949853549237088 0.7314641886941764 0.058365758754863814 0.058365758754863814
1 0.5987770490266618 0.7536756262478824 0.058365758754863814 0.058365758754863814
1 0.5063312957572424 0.7698657209142622 0.058365758754863814 0.058365758754863814