1 0.5719946042295077 0.24695629446939468 0.058365758754863814 0.058365758754863814
1 0.6606923316182717 0.28879484512447207 0.058365758754863814 0.058365758754863814
1 0.7682487079305568 0.3278705839330957 0.058365758754863814 0.058365758754863814
1 0.5351766796530397 0.3440217319891739 0.058365758754863814 0.058365758754863814
1 0.6255479490680067 0.3758190304870328 0.058365758754863814 0.058365758754863814
1 0.7278592314803178 0.41443564965913915 0.058365758754863814 0.058365758754863814
1 0.6024251333570678 0.47025040430023884 0.058365758754863814 0.058365758754863814
1 0.6824483779589117 0.5097023925832802 0.058365758754863814 0.058365758754863814
1 0.6560612869741588 0.5966092636927491 0.058365758754863814 0.058365758754863814
1 0.55693272599368 0.563255737421779 0.058365758754863814 0.058365758754863814
1 0.45484666239529137 0.5281113548715141 0.058365758754863814 0.058365758754863814
1 0.5000322971027749 0.4394136274827502 0.058365758754863814 0.058365758754863814
1 0.4353477190288302 0.6157335869606512 0.058365758754863814 0.058365758754863814
1 0.5225397046322479 0.6545713822642554 0.058365758754863814 0.058365758754863814
1 0.6140888922836831 0.6915596550293394 0.058365758754863814 0.058365758754863814